1000200333	00003333	1	200	00003333	1	200	00003333	1	200	
1000110333	00003333	1	110	00003333	1	110	00003333	1	110	
1000101333	00003333	1	101	00003333	1	101	00003333	1	101	
100020333	00003333	1	20	00003333	1	20	00003333	1	20	
100011333	00003333	1	11	00003333	1	11	00003333	1	11	
10002333	00003333	1	2	00003333	1	2	00003333	1	2	
2000100333	1000200333	2	100	1000110333	2	100	1000101333	2	100	
200010333	1000110333	2	10	100020333	2	10	100011333	2	10	
20001333	1000101333	2	1	100011333	2	1	10002333	2	1	
110020020033	1000200333	1	200	1000200333	1	200	1000200333	1	200	
110020011033	1000110333	1	200	1000200333	1	110	1000110333	1	200	
110020010133	1000101333	1	200	1000200333	1	101	1000200333	1	101	
11002002033	100020333	1	200	1000200333	1	20	100020333	1	200	
11002001133	100011333	1	200	1000200333	1	11	1000200333	1	11	
1100200233	10002333	1	200	1000200333	1	2	1000200333	1	2	
110011011033	1000110333	1	110	1000110333	1	110	1000110333	1	110	
110011010133	1000101333	1	110	1000101333	1	110	1000110333	1	101	
11001102033	100020333	1	110	1000110333	1	20	100020333	1	110	
11001101133	100011333	1	110	1000110333	1	11	1000110333	1	11	
1100110233	10002333	1	110	1000110333	1	2	1000110333	1	2	
110010110133	1000101333	1	101	1000101333	1	101	1000101333	1	101	
11001012033	100020333	1	101	1000101333	1	20	100020333	1	101	
11001011133	100011333	1	101	1000101333	1	11	100011333	1	101	
1100101233	10002333	1	101	1000101333	1	2	1000101333	1	2	
1100202033	100020333	1	20	100020333	1	20	100020333	1	20	
1100201133	100011333	1	20	100011333	1	20	100020333	1	11	
110020233	10002333	1	20	10002333	1	20	100020333	1	2	
1100111133	100011333	1	11	100011333	1	11	100011333	1	11	
110011233	10002333	1	11	10002333	1	11	100011333	1	2	
11002233	10002333	1	2	10002333	1	2	10002333	1	2	
30000333	2000100333	3	0	200010333	3	0	20001333	3	0	
210010020033	2000100333	1	200	110020011033	2	100	110020010133	2	100	
210010011033	2000100333	1	110	2000100333	1	110	110011010133	2	100	
210010010133	2000100333	1	101	110011010133	2	100	110010110133	2	100	
21001002033	11002002033	2	100	2000100333	1	20	11001012033	2	100	
21001001133	11002001133	2	100	2000100333	1	11	11001011133	2	100	
2100100233	1100200233	2	100	2000100333	1	2	1100101233	2	100	
21001020033	200010333	1	200	11002002033	2	10	11002001133	2	10	
21001011033	200010333	1	110	11001102033	2	10	11001101133	2	10	
21001010133	200010333	1	101	11001012033	2	10	11001011133	2	10	
2100102033	200010333	1	20	200010333	1	20	1100201133	2	10	
2100101133	200010333	1	11	1100201133	2	10	1100111133	2	10	
210010233	1100110233	2	10	110020233	2	10	200010333	1	2	
2100120033	20001333	1	200	11002001133	2	1	1100200233	2	1	
2100111033	20001333	1	110	11001101133	2	1	1100110233	2	1	
2100110133	20001333	1	101	11001011133	2	1	1100101233	2	1	
210012033	20001333	1	20	20001333	1	20	110020233	2	1	
210011133	20001333	1	11	20001333	1	11	110011233	2	1	
21001233	20001333	1	2	110011233	2	1	11002233	2	1	
11102002002003	110020020033	1	200	110020020033	1	200	110020020033	1	200	
11102002001103	110020011033	1	200	110020020033	1	110	110020011033	1	200	
11102002001013	110020010133	1	200	110020020033	1	101	110020020033	1	101	
1110200200203	11002002033	1	200	110020020033	1	20	11002002033	1	200	
1110200200113	11002001133	1	200	110020020033	1	11	11002001133	1	200	
111020020023	1100200233	1	200	110020020033	1	2	110020020033	1	2	
11102001101103	110011011033	1	200	110020011033	1	110	110011011033	1	200	
11102001101013	110011010133	1	200	110020010133	1	110	110020011033	1	101	
1110200110203	11001102033	1	200	110020011033	1	20	11001102033	1	200	
1110200110113	11001101133	1	200	110020011033	1	11	110020011033	1	11	
111020011023	1100110233	1	200	1100200233	1	110	110020011033	1	2	
11102001011013	110010110133	1	200	110020010133	1	101	110020010133	1	101	
1110200101203	11001012033	1	200	110020010133	1	20	11002002033	1	101	
1110200101113	11001011133	1	200	110020010133	1	11	11002001133	1	101	
111020010123	1100101233	1	200	110020010133	1	2	110020010133	1	2	
111020020203	1100202033	1	200	11002002033	1	20	1100202033	1	200	
111020020113	1100201133	1	200	11002001133	1	20	11002002033	1	11	
11102002023	110020233	1	200	1100200233	1	20	11002002033	1	2	
111020011113	1100111133	1	200	11002001133	1	11	11002001133	1	11	
11102001123	110011233	1	200	1100200233	1	11	11002001133	1	2	
1110200223	11002233	1	200	1100200233	1	2	1100200233	1	2	
11101101101103	110011011033	1	110	110011011033	1	110	110011011033	1	110	
11101101101013	110011010133	1	110	110011010133	1	110	110011011033	1	101	
1110110110203	11001102033	1	110	110011011033	1	20	11001102033	1	110	
1110110110113	11001101133	1	110	110011011033	1	11	110011011033	1	11	
111011011023	1100110233	1	110	1100110233	1	110	110011011033	1	2	
11101101011013	110010110133	1	110	110010110133	1	110	110011010133	1	101	
1110110101203	11001012033	1	110	110011010133	1	20	11001102033	1	101	
1110110101113	11001011133	1	110	110011010133	1	11	11001101133	1	101	
111011010123	1100101233	1	110	110011010133	1	2	110011010133	1	2	
111011020203	1100202033	1	110	11001102033	1	20	1100202033	1	110	
111011020113	1100201133	1	110	11001101133	1	20	11001102033	1	11	
11101102023	110020233	1	110	1100110233	1	20	11001102033	1	2	
111011011113	1100111133	1	110	11001101133	1	11	11001101133	1	11	
11101101123	110011233	1	110	1100110233	1	11	11001101133	1	2	
1110110223	11002233	1	110	1100110233	1	2	1100110233	1	2	
11101011011013	110010110133	1	101	110010110133	1	101	110010110133	1	101	
1110101101203	11001012033	1	101	110010110133	1	20	11001012033	1	101	
1110101101113	11001011133	1	101	110010110133	1	11	11001011133	1	101	
111010110123	1100101233	1	101	110010110133	1	2	110010110133	1	2	
111010120203	11001012033	1	20	11001012033	1	20	1100202033	1	101	
111010120113	1100201133	1	101	11001011133	1	20	1100201133	1	101	
11101012023	110020233	1	101	1100101233	1	20	11001012033	1	2	
111010111113	1100111133	1	101	11001011133	1	11	1100111133	1	101	
11101011123	110011233	1	101	1100101233	1	11	11001011133	1	2	
1110101223	11002233	1	101	1100101233	1	2	1100101233	1	2	
11102020203	1100202033	1	20	1100202033	1	20	1100202033	1	20	
11102020113	1100201133	1	20	1100201133	1	20	1100202033	1	11	
1110202023	110020233	1	20	110020233	1	20	1100202033	1	2	
11102011113	1100111133	1	20	1100111133	1	20	1100201133	1	11	
1110201123	110011233	1	20	110011233	1	20	1100201133	1	2	
111020223	11002233	1	20	11002233	1	20	110020233	1	2	
11101111113	1100111133	1	11	1100111133	1	11	1100111133	1	11	
1110111123	110011233	1	11	110011233	1	11	1100111133	1	2	
111011223	11002233	1	11	11002233	1	11	110011233	1	2	
11102223	11002233	1	2	11002233	1	2	11002233	1	2	
3100020033	30000333	1	200	21001020033	3	0	2100120033	3	0	
3100011033	30000333	1	110	21001011033	3	0	2100111033	3	0	
3100010133	30000333	1	101	21001010133	3	0	2100110133	3	0	
310002033	30000333	1	20	30000333	1	20	210012033	3	0	
310001133	30000333	1	11	30000333	1	11	210011133	3	0	
31000233	30000333	1	2	210010233	3	0	21001233	3	0	
220010010033	210010020033	2	100	210010011033	2	100	210010010133	2	100	
22001001033	21001020033	2	100	21001002033	2	10	21001010133	2	100	
2200100133	2100120033	2	100	21001001133	2	1	2100100233	2	1	
2200101033	21001011033	2	10	2100102033	2	10	2100101133	2	10	
220010133	2100111033	2	10	210012033	2	10	210010233	2	1	
22001133	2100110133	2	1	210011133	2	1	21001233	2	1	
21101002002003	210010020033	1	200	11102002001103	2	100	11102002001013	2	100	
21101002001103	210010011033	1	200	210010020033	1	110	11102001101013	2	100	
21101002001013	210010010133	1	200	11102001101013	2	100	11102001011013	2	100	
2110100200203	21001002033	1	200	210010020033	1	20	1110200101203	2	100	
2110100200113	21001001133	1	200	210010020033	1	11	1110200101113	2	100	
211010020023	2100100233	1	200	210010020033	1	2	111020010123	2	100	
21101001101103	210010011033	1	110	210010011033	1	110	11101101101013	2	100	
21101001101013	210010010133	1	110	210010010133	1	110	11101101011013	2	100	
2110100110203	21001002033	1	110	210010011033	1	20	1110110101203	2	100	
2110100110113	21001001133	1	110	210010011033	1	11	1110110101113	2	100	
211010011023	2100100233	1	110	210010011033	1	2	111011010123	2	100	
21101001011013	210010010133	1	101	11101101011013	2	100	11101011011013	2	100	
2110100101203	21001002033	1	101	210010010133	1	20	1110101101203	2	100	
2110100101113	21001001133	1	101	210010010133	1	11	1110101101113	2	100	
211010010123	111020010123	2	100	111011010123	2	100	111010110123	2	100	
211010020203	21001002033	1	20	21001002033	1	20	111010120203	2	100	
211010020113	111020020113	2	100	21001001133	1	20	111010120113	2	100	
21101002023	11102002023	2	100	2100100233	1	20	11101012023	2	100	
211010011113	111020011113	2	100	21001001133	1	11	111010111113	2	100	
21101001123	11102001123	2	100	2100100233	1	11	11101011123	2	100	
2110100223	1110200223	2	100	2100100233	1	2	1110101223	2	100	
2110102002003	21001020033	1	200	1110200200203	2	10	1110200200113	2	10	
2110102001103	21001011033	1	200	1110200110203	2	10	1110200110113	2	10	
2110102001013	21001010133	1	200	1110200101203	2	10	1110200101113	2	10	
211010200203	2100102033	1	200	21001020033	1	20	111020020113	2	10	
211010200113	2100101133	1	200	111020020113	2	10	111020011113	2	10	
21101020023	210010233	1	200	11102002023	2	10	21001020033	1	2	
2110101101103	21001011033	1	110	1110110110203	2	10	1110110110113	2	10	
2110101101013	21001010133	1	110	1110110101203	2	10	1110110101113	2	10	
211010110203	2100102033	1	110	21001011033	1	20	111011020113	2	10	
211010110113	2100101133	1	110	111011020113	2	10	111011011113	2	10	
21101011023	210010233	1	110	11101102023	2	10	21001011033	1	2	
2110101011013	21001010133	1	101	1110101101203	2	10	21001010133	1	101	
211010101203	2100102033	1	101	21001010133	1	20	111010120113	2	10	
211010101113	2100101133	1	101	111010120113	2	10	111010111113	2	10	
21101010123	210010233	1	101	11101012023	2	10	21001010133	1	2	
21101020203	2100102033	1	20	2100102033	1	20	11102020113	2	10	
21101020113	2100101133	1	20	2100101133	1	20	11102011113	2	10	
2110102023	210010233	1	20	1110202023	2	10	2100102033	1	2	
21101011113	2100101133	1	11	11102011113	2	10	11101111113	2	10	
2110101123	11101101123	2	10	1110201123	2	10	2100101133	1	2	
211010223	1110110223	2	10	111020223	2	10	210010233	1	2	
211012002003	2100120033	1	200	1110200200113	2	1	111020020023	2	1	
211012001103	2100111033	1	200	2100120033	1	110	111020011023	2	1	
211012001013	2100110133	1	200	1110200101113	2	1	111020010123	2	1	
21101200203	210012033	1	200	2100120033	1	20	11102002023	2	1	
21101200113	210011133	1	200	2100120033	1	11	11102001123	2	1	
2110120023	21001233	1	200	11102001123	2	1	1110200223	2	1	
211011101103	2100111033	1	110	2100111033	1	110	111011011023	2	1	
211011101013	2100110133	1	110	1110110101113	2	1	111011010123	2	1	
21101110203	210012033	1	110	2100111033	1	20	11101102023	2	1	
21101110113	210011133	1	110	2100111033	1	11	11101101123	2	1	
2110111023	21001233	1	110	11101101123	2	1	1110110223	2	1	
211011011013	2100110133	1	101	1110101101113	2	1	111010110123	2	1	
21101101203	210012033	1	101	2100110133	1	20	11101012023	2	1	
21101101113	210011133	1	101	2100110133	1	11	11101011123	2	1	
2110110123	21001233	1	101	11101011123	2	1	1110101223	2	1	
2110120203	210012033	1	20	210012033	1	20	1110202023	2	1	
2110120113	210011133	1	20	210011133	1	20	1110201123	2	1	
211012023	21001233	1	20	21001233	1	20	111020223	2	1	
2110111113	210011133	1	11	210011133	1	11	1110111123	2	1	
211011123	21001233	1	11	21001233	1	11	111011223	2	1	
21101223	21001233	1	2	111011223	2	1	11102223	2	1	
1111200200200200	11102002002003	1	200	11102002002003	1	200	11102002002003	1	200	
1111200200200110	11102002001103	1	200	11102002002003	1	110	11102002001103	1	200	
1111200200200101	11102002001013	1	200	11102002002003	1	101	11102002002003	1	101	
111120020020020	1110200200203	1	200	11102002002003	1	20	1110200200203	1	200	
111120020020011	1110200200113	1	200	11102002002003	1	11	1110200200113	1	200	
11112002002002	111020020023	1	200	11102002002003	1	2	11102002002003	1	2	
1111200200110110	11102001101103	1	200	11102002001103	1	110	11102001101103	1	200	
1111200200110101	11102001101013	1	200	11102002001013	1	110	11102002001103	1	101	
111120020011020	1110200110203	1	200	11102002001103	1	20	1110200110203	1	200	
111120020011011	1110200110113	1	200	11102002001103	1	11	1110200110113	1	200	
11112002001102	111020011023	1	200	111020020023	1	110	11102002001103	1	2	
1111200200101101	11102001011013	1	200	11102002001013	1	101	11102002001013	1	101	
111120020010120	1110200101203	1	200	11102002001013	1	20	1110200200203	1	101	
111120020010111	1110200101113	1	200	11102002001013	1	11	1110200200113	1	101	
11112002001012	111020010123	1	200	11102002001013	1	2	11102002001013	1	2	
11112002002020	111020020203	1	200	1110200200203	1	20	111020020203	1	200	
11112002002011	111020020113	1	200	1110200200113	1	20	111020020113	1	200	
1111200200202	11102002023	1	200	111020020023	1	20	1110200200203	1	2	
11112002001111	111020011113	1	200	1110200200113	1	11	1110200200113	1	11	
1111200200112	11102001123	1	200	111020020023	1	11	1110200200113	1	2	
111120020022	1110200223	1	200	111020020023	1	2	111020020023	1	2	
1111200110110110	11101101101103	1	200	11102001101103	1	110	11101101101103	1	200	
1111200110110101	11101101101013	1	200	11102001101013	1	110	11102001101103	1	101	
111120011011020	1110110110203	1	200	11102001101103	1	20	1110110110203	1	200	
111120011011011	1110110110113	1	200	11102001101103	1	11	11102001101103	1	11	
11112001101102	111011011023	1	200	111020011023	1	110	11102001101103	1	2	
1111200110101101	11101101011013	1	200	11102001011013	1	110	11102001101013	1	101	
111120011010120	1110110101203	1	200	11102001101013	1	20	1110200110203	1	101	
111120011010111	1110110101113	1	200	11102001101013	1	11	1110200110113	1	101	
11112001101012	111011010123	1	200	111020010123	1	110	11102001101013	1	2	
11112001102020	111011020203	1	200	1110200110203	1	20	111011020203	1	200	
11112001102011	111011020113	1	200	1110200110113	1	20	1110200110203	1	11	
1111200110202	11101102023	1	200	111020011023	1	20	1110200110203	1	2	
11112001101111	111011011113	1	200	1110200110113	1	11	1110200110113	1	11	
1111200110112	11101101123	1	200	111020011023	1	11	1110200110113	1	2	
111120011022	1110110223	1	200	111020011023	1	2	111020011023	1	2	
1111200101101101	11101011011013	1	200	11102001011013	1	101	11102001011013	1	101	
111120010110120	1110101101203	1	200	11102001011013	1	20	1110200101203	1	101	
111120010110111	1110101101113	1	200	11102001011013	1	11	1110200101113	1	101	
11112001011012	111010110123	1	200	11102001011013	1	2	11102001011013	1	2	
11112001012020	111010120203	1	200	1110200101203	1	20	111020020203	1	101	
11112001012011	111010120113	1	200	1110200101113	1	20	111020020113	1	101	
1111200101202	11101012023	1	200	111020010123	1	20	1110200101203	1	2	
11112001011111	111010111113	1	200	1110200101113	1	11	111020011113	1	101	
1111200101112	11101011123	1	200	111020010123	1	11	1110200101113	1	2	
111120010122	1110101223	1	200	111020010123	1	2	111020010123	1	2	
1111200202020	11102020203	1	200	111020020203	1	20	11102020203	1	200	
1111200202011	11102020113	1	200	111020020113	1	20	111020020203	1	11	
111120020202	1110202023	1	200	11102002023	1	20	111020020203	1	2	
1111200201111	11102011113	1	200	111020011113	1	20	111020020113	1	11	
111120020112	1110201123	1	200	11102001123	1	20	111020020113	1	2	
11112002022	111020223	1	200	1110200223	1	20	11102002023	1	2	
1111200111111	11101111113	1	200	111020011113	1	11	111020011113	1	11	
111120011112	1110111123	1	200	11102001123	1	11	111020011113	1	2	
11112001122	111011223	1	200	1110200223	1	11	11102001123	1	2	
1111200222	11102223	1	200	1110200223	1	2	1110200223	1	2	
1111110110110110	11101101101103	1	110	11101101101103	1	110	11101101101103	1	110	
1111110110110101	11101101101013	1	110	11101101101013	1	110	11101101101103	1	101	
111111011011020	1110110110203	1	110	11101101101103	1	20	1110110110203	1	110	
111111011011011	1110110110113	1	110	11101101101103	1	11	11101101101103	1	11	
11111101101102	111011011023	1	110	111011011023	1	110	11101101101103	1	2	
1111110110101101	11101101011013	1	110	11101101011013	1	110	11101101101013	1	101	
111111011010120	1110110101203	1	110	11101101101013	1	20	1110110110203	1	101	
111111011010111	1110110101113	1	110	11101101101013	1	11	1110110110113	1	101	
11111101101012	111011010123	1	110	111011010123	1	110	11101101101013	1	2	
11111101102020	111011020203	1	110	1110110110203	1	20	111011020203	1	110	
11111101102011	111011020113	1	110	1110110110113	1	20	1110110110203	1	11	
1111110110202	11101102023	1	110	111011011023	1	20	1110110110203	1	2	
11111101101111	111011011113	1	110	1110110110113	1	11	1110110110113	1	11	
1111110110112	11101101123	1	110	111011011023	1	11	1110110110113	1	2	
111111011022	1110110223	1	110	111011011023	1	2	111011011023	1	2	
1111110101101101	11101011011013	1	110	11101011011013	1	110	11101101011013	1	101	
111111010110120	1110101101203	1	110	11101101011013	1	20	1110110101203	1	101	
111111010110111	1110101101113	1	110	11101101011013	1	11	1110110101113	1	101	
11111101011012	111010110123	1	110	11101101011013	1	2	11101101011013	1	2	
11111101012020	111010120203	1	110	1110110101203	1	20	111011020203	1	101	
11111101012011	111010120113	1	110	1110110101113	1	20	111011020113	1	101	
1111110101202	11101012023	1	110	111011010123	1	20	1110110101203	1	2	
11111101011111	111010111113	1	110	1110110101113	1	11	111011011113	1	101	
1111110101112	11101011123	1	110	111011010123	1	11	1110110101113	1	2	
111111010122	1110101223	1	110	111011010123	1	2	111011010123	1	2	
1111110202020	11102020203	1	110	111011020203	1	20	11102020203	1	110	
1111110202011	11102020113	1	110	111011020113	1	20	111011020203	1	11	
111111020202	1110202023	1	110	11101102023	1	20	111011020203	1	2	
1111110201111	11102011113	1	110	111011011113	1	20	111011020113	1	11	
111111020112	1110201123	1	110	11101101123	1	20	111011020113	1	2	
11111102022	111020223	1	110	1110110223	1	20	11101102023	1	2	
1111110111111	11101111113	1	110	111011011113	1	11	111011011113	1	11	
111111011112	1110111123	1	110	11101101123	1	11	111011011113	1	2	
11111101122	111011223	1	110	1110110223	1	11	11101101123	1	2	
1111110222	11102223	1	110	1110110223	1	2	1110110223	1	2	
1111101101101101	11101011011013	1	101	11101011011013	1	101	11101011011013	1	101	
111110110110120	1110101101203	1	101	11101011011013	1	20	1110101101203	1	101	
111110110110111	1110101101113	1	101	11101011011013	1	11	1110101101113	1	101	
11111011011012	111010110123	1	101	11101011011013	1	2	11101011011013	1	2	
11111011012020	111010120203	1	101	1110101101203	1	20	111010120203	1	101	
11111011012011	111010120113	1	101	1110101101113	1	20	111010120113	1	101	
1111101101202	11101012023	1	101	111010110123	1	20	1110101101203	1	2	
11111011011111	111010111113	1	101	1110101101113	1	11	111010111113	1	101	
1111101101112	11101011123	1	101	111010110123	1	11	1110101101113	1	2	
111110110122	1110101223	1	101	111010110123	1	2	111010110123	1	2	
1111101202020	111010120203	1	20	111010120203	1	20	11102020203	1	101	
1111101202011	111010120113	1	20	111010120113	1	20	11102020113	1	101	
111110120202	11101012023	1	20	11101012023	1	20	111010120203	1	2	
1111101201111	11102011113	1	101	111010111113	1	20	11102011113	1	101	
111110120112	1110201123	1	101	11101011123	1	20	111010120113	1	2	
11111012022	111020223	1	101	1110101223	1	20	11101012023	1	2	
1111101111111	11101111113	1	101	111010111113	1	11	11101111113	1	101	
111110111112	1110111123	1	101	11101011123	1	11	111010111113	1	2	
11111011122	111011223	1	101	1110101223	1	11	11101011123	1	2	
1111101222	11102223	1	101	1110101223	1	2	1110101223	1	2	
111120202020	11102020203	1	20	11102020203	1	20	11102020203	1	20	
111120202011	11102020113	1	20	11102020113	1	20	11102020203	1	11	
11112020202	1110202023	1	20	1110202023	1	20	11102020203	1	2	
111120201111	11102011113	1	20	11102011113	1	20	11102020113	1	11	
11112020112	1110201123	1	20	1110201123	1	20	11102020113	1	2	
1111202022	111020223	1	20	111020223	1	20	1110202023	1	2	
111120111111	11101111113	1	20	11101111113	1	20	11102011113	1	11	
11112011112	1110111123	1	20	1110111123	1	20	11102011113	1	2	
1111201122	111011223	1	20	111011223	1	20	1110201123	1	2	
111120222	11102223	1	20	11102223	1	20	111020223	1	2	
111111111111	11101111113	1	11	11101111113	1	11	11101111113	1	11	
11111111112	1110111123	1	11	1110111123	1	11	11101111113	1	2	
1111111122	111011223	1	11	111011223	1	11	1110111123	1	2	
111111222	11102223	1	11	11102223	1	11	111011223	1	2	
11112222	11102223	1	2	11102223	1	2	11102223	1	2	
3200010033	3100020033	2	100	22001001033	3	0	2200100133	3	0	
320001033	3100011033	2	10	310002033	2	10	220010133	3	0	
32000133	3100010133	2	1	220010133	3	0	22001133	3	0	
311002002003	3100020033	1	200	2110102002003	3	0	211012002003	3	0	
311002001103	3100011033	1	200	3100020033	1	110	211012001103	3	0	
311002001013	3100010133	1	200	2110102001013	3	0	211012001013	3	0	
31100200203	310002033	1	200	3100020033	1	20	21101200203	3	0	
31100200113	310001133	1	200	3100020033	1	11	21101200113	3	0	
3110020023	31000233	1	200	21101020023	3	0	2110120023	3	0	
311001101103	3100011033	1	110	3100011033	1	110	211011101103	3	0	
311001101013	3100010133	1	110	2110101101013	3	0	211011101013	3	0	
31100110203	310002033	1	110	3100011033	1	20	21101110203	3	0	
31100110113	310001133	1	110	3100011033	1	11	21101110113	3	0	
3110011023	31000233	1	110	21101011023	3	0	2110111023	3	0	
311001011013	3100010133	1	101	2110101011013	3	0	211011011013	3	0	
31100101203	310002033	1	101	3100010133	1	20	21101101203	3	0	
31100101113	310001133	1	101	3100010133	1	11	21101101113	3	0	
3110010123	31000233	1	101	21101010123	3	0	2110110123	3	0	
3110020203	310002033	1	20	310002033	1	20	2110120203	3	0	
3110020113	310001133	1	20	310001133	1	20	2110120113	3	0	
311002023	31000233	1	20	31000233	1	20	211012023	3	0	
3110011113	310001133	1	11	310001133	1	11	2110111113	3	0	
311001123	31000233	1	11	31000233	1	11	211011123	3	0	
31100223	31000233	1	2	211010223	3	0	21101223	3	0	
22101001002003	220010010033	1	200	21101002001103	2	100	21101002001013	2	100	
22101001001103	220010010033	1	110	21101001101103	2	100	21101001101013	2	100	
22101001001013	21101002001013	2	100	21101001101013	2	100	21101001011013	2	100	
2210100100203	2110100200203	2	100	220010010033	1	20	2110100101203	2	100	
2210100100113	2110100200113	2	100	220010010033	1	11	2110100101113	2	100	
221010010023	211010020023	2	100	211010011023	2	100	211010010123	2	100	
2210100102003	22001001033	1	200	2110100200203	2	10	2110102001013	2	100	
2210100101103	22001001033	1	110	2110100110203	2	10	2110101101013	2	100	
2210100101013	22001001033	1	101	2110100101203	2	10	2110101011013	2	100	
221010010203	211010200203	2	100	22001001033	1	20	211010101203	2	100	
221010010113	211010200113	2	100	211010020113	2	10	211010101113	2	100	
22101001023	21101020023	2	100	21101002023	2	10	21101010123	2	100	
221010012003	2200100133	1	200	2110100200113	2	1	211010020023	2	1	
221010011103	2200100133	1	110	2110100110113	2	1	211010011023	2	1	
221010011013	211012001013	2	100	2110100101113	2	1	211010010123	2	1	
22101001203	21101200203	2	100	2200100133	1	20	21101002023	2	1	
22101001113	21101200113	2	100	2200100133	1	11	21101001123	2	1	
2210100123	2110120023	2	100	21101001123	2	1	2110100223	2	1	
221010102003	2200101033	1	200	211010200203	2	10	211010200113	2	10	
221010101103	2200101033	1	110	211010110203	2	10	211010110113	2	10	
221010101013	2200101033	1	101	211010101203	2	10	211010101113	2	10	
22101010203	2200101033	1	20	21101020203	2	10	21101020113	2	10	
22101010113	211010110113	2	10	21101020113	2	10	21101011113	2	10	
2210101023	21101011023	2	10	2110102023	2	10	2200101033	1	2	
22101012003	220010133	1	200	21101200203	2	10	21101020023	2	1	
22101011103	220010133	1	110	21101110203	2	10	21101011023	2	1	
22101011013	220010133	1	101	21101101203	2	10	21101010123	2	1	
2210101203	220010133	1	20	2110120203	2	10	2110102023	2	1	
2210101113	21101110113	2	10	2110120113	2	10	2110101123	2	1	
221010123	2110111023	2	10	211012023	2	10	211010223	2	1	
2210112003	22001133	1	200	21101200113	2	1	2110120023	2	1	
2210111103	22001133	1	110	21101110113	2	1	2110111023	2	1	
2210111013	22001133	1	101	21101101113	2	1	2110110123	2	1	
221011203	22001133	1	20	2110120113	2	1	211012023	2	1	
221011113	22001133	1	11	2110111113	2	1	211011123	2	1	
22101123	2110110123	2	1	211011123	2	1	21101223	2	1	
2111100200200200	21101002002003	1	200	1111200200200110	2	100	1111200200200101	2	100	
2111100200200110	21101002001103	1	200	21101002002003	1	110	1111200200110101	2	100	
2111100200200101	21101002001013	1	200	1111200200110101	2	100	1111200200101101	2	100	
211110020020020	2110100200203	1	200	21101002002003	1	20	111120020010120	2	100	
211110020020011	2110100200113	1	200	21101002002003	1	11	111120020010111	2	100	
21111002002002	211010020023	1	200	21101002002003	1	2	11112002001012	2	100	
2111100200110110	21101001101103	1	200	21101002001103	1	110	1111200110110101	2	100	
2111100200110101	21101001101013	1	200	21101002001013	1	110	1111200110101101	2	100	
211110020011020	2110100110203	1	200	21101002001103	1	20	111120011010120	2	100	
211110020011011	2110100110113	1	200	21101002001103	1	11	111120011010111	2	100	
21111002001102	211010011023	1	200	21101002001103	1	2	11112001101012	2	100	
2111100200101101	21101001011013	1	200	1111200110101101	2	100	1111200101101101	2	100	
211110020010120	2110100101203	1	200	21101002001013	1	20	111120010110120	2	100	
211110020010111	2110100101113	1	200	21101002001013	1	11	111120010110111	2	100	
21111002001012	211010010123	1	200	21101002001013	1	2	11112001011012	2	100	
21111002002020	211010020203	1	200	2110100200203	1	20	11112001012020	2	100	
21111002002011	211010020113	1	200	2110100200113	1	20	11112001012011	2	100	
2111100200202	21101002023	1	200	211010020023	1	20	1111200101202	2	100	
21111002001111	211010011113	1	200	2110100200113	1	11	11112001011111	2	100	
2111100200112	21101001123	1	200	211010020023	1	11	1111200101112	2	100	
211110020022	2110100223	1	200	211010020023	1	2	111120010122	2	100	
2111100110110110	21101001101103	1	110	21101001101103	1	110	1111110110110101	2	100	
2111100110110101	21101001101013	1	110	21101001101013	1	110	1111110110101101	2	100	
211110011011020	2110100110203	1	110	21101001101103	1	20	111111011010120	2	100	
211110011011011	2110100110113	1	110	21101001101103	1	11	111111011010111	2	100	
21111001101102	211010011023	1	110	211010011023	1	110	11111101101012	2	100	
2111100110101101	21101001011013	1	110	21101001011013	1	110	1111110101101101	2	100	
211110011010120	2110100101203	1	110	21101001101013	1	20	111111010110120	2	100	
211110011010111	2110100101113	1	110	21101001101013	1	11	111111010110111	2	100	
21111001101012	211010010123	1	110	21101001101013	1	2	11111101011012	2	100	
21111001102020	211010020203	1	110	2110100110203	1	20	11111101012020	2	100	
21111001102011	211010020113	1	110	2110100110113	1	20	11111101012011	2	100	
2111100110202	21101002023	1	110	211010011023	1	20	1111110101202	2	100	
21111001101111	211010011113	1	110	2110100110113	1	11	11111101011111	2	100	
2111100110112	21101001123	1	110	211010011023	1	11	1111110101112	2	100	
211110011022	2110100223	1	110	211010011023	1	2	111111010122	2	100	
2111100101101101	21101001011013	1	101	1111110101101101	2	100	1111101101101101	2	100	
211110010110120	2110100101203	1	101	21101001011013	1	20	111110110110120	2	100	
211110010110111	2110100101113	1	101	21101001011013	1	11	111110110110111	2	100	
21111001011012	211010010123	1	101	11111101011012	2	100	11111011011012	2	100	
21111001012020	211010020203	1	101	2110100101203	1	20	11111011012020	2	100	
21111001012011	211010020113	1	101	2110100101113	1	20	11111011012011	2	100	
2111100101202	1111200101202	2	100	211010010123	1	20	1111101101202	2	100	
21111001011111	211010011113	1	101	2110100101113	1	11	11111011011111	2	100	
2111100101112	1111200101112	2	100	211010010123	1	11	1111101101112	2	100	
211110010122	111120010122	2	100	211010010123	1	2	111110110122	2	100	
2111100202020	211010020203	1	20	211010020203	1	20	1111101202020	2	100	
2111100202011	211010020113	1	20	211010020113	1	20	1111101202011	2	100	
211110020202	111120020202	2	100	21101002023	1	20	111110120202	2	100	
2111100201111	1111200201111	2	100	211010011113	1	20	1111101201111	2	100	
211110020112	111120020112	2	100	21101001123	1	20	111110120112	2	100	
21111002022	11112002022	2	100	2110100223	1	20	21101002023	1	2	
2111100111111	1111200111111	2	100	211010011113	1	11	1111101111111	2	100	
211110011112	111120011112	2	100	21101001123	1	11	111110111112	2	100	
21111001122	11112001122	2	100	2110100223	1	11	21101001123	1	2	
2111100222	1111200222	2	100	2110100223	1	2	2110100223	1	2	
211110200200200	2110102002003	1	200	111120020020020	2	10	2110102002003	1	200	
211110200200110	2110102001103	1	200	111120020011020	2	10	111120020011011	2	10	
211110200200101	2110102001013	1	200	111120020010120	2	10	2110102002003	1	101	
21111020020020	211010200203	1	200	2110102002003	1	20	11112002002011	2	10	
21111020020011	211010200113	1	200	11112002002011	2	10	11112002001111	2	10	
2111102002002	21101020023	1	200	1111200200202	2	10	2110102002003	1	2	
211110200110110	2110101101103	1	200	111120011011020	2	10	111120011011011	2	10	
211110200110101	2110101101013	1	200	111120011010120	2	10	2110102001103	1	101	
21111020011020	211010110203	1	200	2110102001103	1	20	11112001102011	2	10	
21111020011011	211010110113	1	200	11112001102011	2	10	11112001101111	2	10	
2111102001102	21101011023	1	200	1111200110202	2	10	2110102001103	1	2	
211110200101101	2110101011013	1	200	111120010110120	2	10	2110102001013	1	101	
21111020010120	211010101203	1	200	2110102001013	1	20	11112001012011	2	10	
21111020010111	211010101113	1	200	11112001012011	2	10	11112001011111	2	10	
2111102001012	21101010123	1	200	1111200101202	2	10	2110102001013	1	2	
2111102002020	21101020203	1	200	211010200203	1	20	1111200202011	2	10	
2111102002011	21101020113	1	200	211010200113	1	20	1111200201111	2	10	
211110200202	2110102023	1	200	21101020023	1	20	211010200203	1	2	
2111102001111	21101011113	1	200	1111200201111	2	10	1111200111111	2	10	
211110200112	2110101123	1	200	111120020112	2	10	211010200113	1	2	
21111020022	211010223	1	200	11112002022	2	10	21101020023	1	2	
211110110110110	2110101101103	1	110	111111011011020	2	10	111111011011011	2	10	
211110110110101	2110101101013	1	110	111111011010120	2	10	111111011010111	2	10	
21111011011020	211010110203	1	110	2110101101103	1	20	11111101102011	2	10	
21111011011011	211010110113	1	110	11111101102011	2	10	11111101101111	2	10	
2111101101102	21101011023	1	110	1111110110202	2	10	2110101101103	1	2	
211110110101101	2110101011013	1	110	111111010110120	2	10	2110101101013	1	101	
21111011010120	211010101203	1	110	2110101101013	1	20	11111101012011	2	10	
21111011010111	211010101113	1	110	11111101012011	2	10	11111101011111	2	10	
2111101101012	21101010123	1	110	1111110101202	2	10	2110101101013	1	2	
2111101102020	21101020203	1	110	211010110203	1	20	1111110202011	2	10	
2111101102011	21101020113	1	110	211010110113	1	20	1111110201111	2	10	
211110110202	2110102023	1	110	21101011023	1	20	211010110203	1	2	
2111101101111	21101011113	1	110	1111110201111	2	10	1111110111111	2	10	
211110110112	2110101123	1	110	111111020112	2	10	211010110113	1	2	
21111011022	211010223	1	110	11111102022	2	10	21101011023	1	2	
211110101101101	2110101011013	1	101	111110110110120	2	10	2110101011013	1	101	
21111010110120	211010101203	1	101	2110101011013	1	20	11111011012011	2	10	
21111010110111	211010101113	1	101	11111011012011	2	10	211010101113	1	101	
2111101011012	21101010123	1	101	1111101101202	2	10	2110101011013	1	2	
2111101012020	211010101203	1	20	211010101203	1	20	1111101202011	2	10	
2111101012011	211010101113	1	20	211010101113	1	20	1111101201111	2	10	
211110101202	21101010123	1	20	21101010123	1	20	211010101203	1	2	
2111101011111	21101011113	1	101	1111101201111	2	10	1111101111111	2	10	
211110101112	2110101123	1	101	111110120112	2	10	211010101113	1	2	
21111010122	211010223	1	101	11111012022	2	10	21101010123	1	2	
211110202020	21101020203	1	20	21101020203	1	20	111120202011	2	10	
211110202011	21101020113	1	20	21101020113	1	20	111120201111	2	10	
21111020202	2110102023	1	20	2110102023	1	20	21101020203	1	2	
211110201111	21101011113	1	20	21101011113	1	20	111120111111	2	10	
21111020112	2110101123	1	20	11112020112	2	10	21101020113	1	2	
2111102022	211010223	1	20	1111202022	2	10	2110102023	1	2	
211110111111	21101011113	1	11	111120111111	2	10	111111111111	2	10	
21111011112	2110101123	1	11	11112011112	2	10	21101011113	1	2	
2111101122	11111101122	2	10	1111201122	2	10	2110101123	1	2	
211110222	1111110222	2	10	111120222	2	10	211010223	1	2	
21111200200200	211012002003	1	200	111120020020011	2	1	11112002002002	2	1	
21111200200110	211012001103	1	200	211012002003	1	110	11112002001102	2	1	
21111200200101	211012001013	1	200	111120020010111	2	1	11112002001012	2	1	
2111120020020	21101200203	1	200	211012002003	1	20	1111200200202	2	1	
2111120020011	21101200113	1	200	211012002003	1	11	1111200200112	2	1	
211112002002	2110120023	1	200	1111200200112	2	1	111120020022	2	1	
21111200110110	211011101103	1	200	211012001103	1	110	11112001101102	2	1	
21111200110101	211011101013	1	200	211012001013	1	110	11112001101012	2	1	
2111120011020	21101110203	1	200	211012001103	1	20	1111200110202	2	1	
2111120011011	21101110113	1	200	211012001103	1	11	1111200110112	2	1	
211112001102	2110111023	1	200	211012001103	1	2	111120011022	2	1	
21111200101101	211011011013	1	200	111120010110111	2	1	11112001011012	2	1	
2111120010120	21101101203	1	200	211012001013	1	20	1111200101202	2	1	
2111120010111	21101101113	1	200	211012001013	1	11	1111200101112	2	1	
211112001012	2110110123	1	200	1111200101112	2	1	111120010122	2	1	
211112002020	2110120203	1	200	21101200203	1	20	111120020202	2	1	
211112002011	2110120113	1	200	21101200113	1	20	111120020112	2	1	
21111200202	211012023	1	200	2110120023	1	20	11112002022	2	1	
211112001111	2110111113	1	200	21101200113	1	11	111120011112	2	1	
21111200112	211011123	1	200	2110120023	1	11	11112001122	2	1	
2111120022	21101223	1	200	11112001122	2	1	1111200222	2	1	
21111110110110	211011101103	1	110	211011101103	1	110	11111101101102	2	1	
21111110110101	211011101013	1	110	211011101013	1	110	11111101101012	2	1	
2111111011020	21101110203	1	110	211011101103	1	20	1111110110202	2	1	
2111111011011	21101110113	1	110	211011101103	1	11	1111110110112	2	1	
211111101102	2110111023	1	110	211011101103	1	2	111111011022	2	1	
21111110101101	211011011013	1	110	111111010110111	2	1	11111101011012	2	1	
2111111010120	21101101203	1	110	211011101013	1	20	1111110101202	2	1	
2111111010111	21101101113	1	110	211011101013	1	11	1111110101112	2	1	
211111101012	2110110123	1	110	1111110101112	2	1	111111010122	2	1	
211111102020	2110120203	1	110	21101110203	1	20	111111020202	2	1	
211111102011	2110120113	1	110	21101110113	1	20	111111020112	2	1	
21111110202	211012023	1	110	2110111023	1	20	11111102022	2	1	
211111101111	2110111113	1	110	21101110113	1	11	111111011112	2	1	
21111110112	211011123	1	110	2110111023	1	11	11111101122	2	1	
2111111022	21101223	1	110	11111101122	2	1	1111110222	2	1	
21111101101101	211011011013	1	101	111110110110111	2	1	11111011011012	2	1	
2111110110120	21101101203	1	101	211011011013	1	20	1111101101202	2	1	
2111110110111	21101101113	1	101	211011011013	1	11	1111101101112	2	1	
211111011012	2110110123	1	101	1111101101112	2	1	111110110122	2	1	
211111012020	2110120203	1	101	21101101203	1	20	111110120202	2	1	
211111012011	2110120113	1	101	21101101113	1	20	111110120112	2	1	
21111101202	211012023	1	101	2110110123	1	20	11111012022	2	1	
211111011111	2110111113	1	101	21101101113	1	11	111110111112	2	1	
21111101112	211011123	1	101	2110110123	1	11	11111011122	2	1	
2111110122	21101223	1	101	11111011122	2	1	1111101222	2	1	
21111202020	2110120203	1	20	2110120203	1	20	11112020202	2	1	
21111202011	2110120113	1	20	2110120113	1	20	11112020112	2	1	
2111120202	211012023	1	20	211012023	1	20	1111202022	2	1	
21111201111	2110111113	1	20	2110111113	1	20	11112011112	2	1	
2111120112	211011123	1	20	211011123	1	20	1111201122	2	1	
211112022	21101223	1	20	21101223	1	20	111120222	2	1	
21111111111	2110111113	1	11	2110111113	1	11	11111111112	2	1	
2111111112	211011123	1	11	211011123	1	11	1111111122	2	1	
211111122	21101223	1	11	21101223	1	11	111111222	2	1	
21111222	21101223	1	2	111111222	2	1	11112222	2	1	
33000033	3200010033	3	0	320001033	3	0	32000133	3	0	
321001002003	3200010033	1	200	2210100102003	3	0	221010012003	3	0	
321001001103	3200010033	1	110	2210100101103	3	0	221010011103	3	0	
321001001013	311002001013	2	100	2210100101013	3	0	221010011013	3	0	
32100100203	31100200203	2	100	3200010033	1	20	22101001203	3	0	
32100100113	31100200113	2	100	3200010033	1	11	22101001113	3	0	
3210010023	3110020023	2	100	22101001023	3	0	2210100123	3	0	
32100102003	320001033	1	200	31100200203	2	10	22101012003	3	0	
32100101103	320001033	1	110	31100110203	2	10	22101011103	3	0	
32100101013	320001033	1	101	31100101203	2	10	22101011013	3	0	
3210010203	320001033	1	20	3110020203	2	10	2210101203	3	0	
3210010113	31100110113	2	10	3110020113	2	10	2210101113	3	0	
321001023	3110011023	2	10	311002023	2	10	221010123	3	0	
3210012003	32000133	1	200	22101012003	3	0	2210112003	3	0	
3210011103	32000133	1	110	22101011103	3	0	2210111103	3	0	
3210011013	32000133	1	101	22101011013	3	0	2210111013	3	0	
321001203	32000133	1	20	2210101203	3	0	221011203	3	0	
321001113	32000133	1	11	2210101113	3	0	221011113	3	0	
32100123	3110010123	2	1	221010123	3	0	22101123	3	0	
31110200200200	311002002003	1	200	211110200200200	3	0	21111200200200	3	0	
31110200200110	311002001103	1	200	311002002003	1	110	21111200200110	3	0	
31110200200101	311002001013	1	200	211110200200101	3	0	21111200200101	3	0	
3111020020020	31100200203	1	200	311002002003	1	20	2111120020020	3	0	
3111020020011	31100200113	1	200	311002002003	1	11	2111120020011	3	0	
311102002002	3110020023	1	200	2111102002002	3	0	211112002002	3	0	
31110200110110	311001101103	1	200	311002001103	1	110	21111200110110	3	0	
31110200110101	311001101013	1	200	311002001013	1	110	21111200110101	3	0	
3111020011020	31100110203	1	200	311002001103	1	20	2111120011020	3	0	
3111020011011	31100110113	1	200	311002001103	1	11	2111120011011	3	0	
311102001102	3110011023	1	200	311002001103	1	2	211112001102	3	0	
31110200101101	311001011013	1	200	211110200101101	3	0	21111200101101	3	0	
3111020010120	31100101203	1	200	311002001013	1	20	2111120010120	3	0	
3111020010111	31100101113	1	200	311002001013	1	11	2111120010111	3	0	
311102001012	3110010123	1	200	2111102001012	3	0	211112001012	3	0	
311102002020	3110020203	1	200	31100200203	1	20	211112002020	3	0	
311102002011	3110020113	1	200	31100200113	1	20	211112002011	3	0	
31110200202	311002023	1	200	3110020023	1	20	21111200202	3	0	
311102001111	3110011113	1	200	31100200113	1	11	211112001111	3	0	
31110200112	311001123	1	200	3110020023	1	11	21111200112	3	0	
3111020022	31100223	1	200	21111020022	3	0	2111120022	3	0	
31110110110110	311001101103	1	110	311001101103	1	110	21111110110110	3	0	
31110110110101	311001101013	1	110	311001101013	1	110	21111110110101	3	0	
3111011011020	31100110203	1	110	311001101103	1	20	2111111011020	3	0	
3111011011011	31100110113	1	110	311001101103	1	11	2111111011011	3	0	
311101101102	3110011023	1	110	311001101103	1	2	211111101102	3	0	
31110110101101	311001011013	1	110	211110110101101	3	0	21111110101101	3	0	
3111011010120	31100101203	1	110	311001101013	1	20	2111111010120	3	0	
3111011010111	31100101113	1	110	311001101013	1	11	2111111010111	3	0	
311101101012	3110010123	1	110	2111101101012	3	0	211111101012	3	0	
311101102020	3110020203	1	110	31100110203	1	20	211111102020	3	0	
311101102011	3110020113	1	110	31100110113	1	20	211111102011	3	0	
31110110202	311002023	1	110	3110011023	1	20	21111110202	3	0	
311101101111	3110011113	1	110	31100110113	1	11	211111101111	3	0	
31110110112	311001123	1	110	3110011023	1	11	21111110112	3	0	
3111011022	31100223	1	110	21111011022	3	0	2111111022	3	0	
31110101101101	311001011013	1	101	211110101101101	3	0	21111101101101	3	0	
3111010110120	31100101203	1	101	311001011013	1	20	2111110110120	3	0	
3111010110111	31100101113	1	101	311001011013	1	11	2111110110111	3	0	
311101011012	3110010123	1	101	2111101011012	3	0	211111011012	3	0	
311101012020	3110020203	1	101	31100101203	1	20	211111012020	3	0	
311101012011	3110020113	1	101	31100101113	1	20	211111012011	3	0	
31110101202	311002023	1	101	3110010123	1	20	21111101202	3	0	
311101011111	3110011113	1	101	31100101113	1	11	211111011111	3	0	
31110101112	311001123	1	101	3110010123	1	11	21111101112	3	0	
3111010122	31100223	1	101	21111010122	3	0	2111110122	3	0	
31110202020	3110020203	1	20	3110020203	1	20	21111202020	3	0	
31110202011	3110020113	1	20	3110020113	1	20	21111202011	3	0	
3111020202	311002023	1	20	311002023	1	20	2111120202	3	0	
31110201111	3110011113	1	20	3110011113	1	20	21111201111	3	0	
3111020112	311001123	1	20	311001123	1	20	2111120112	3	0	
311102022	31100223	1	20	31100223	1	20	211112022	3	0	
31110111111	3110011113	1	11	3110011113	1	11	21111111111	3	0	
3111011112	311001123	1	11	311001123	1	11	2111111112	3	0	
311101122	31100223	1	11	31100223	1	11	211111122	3	0	
31110222	31100223	1	2	211110222	3	0	21111222	3	0	
22201001001003	22101001002003	2	100	22101001001103	2	100	22101001001013	2	100	
2220100100103	2210100102003	2	100	2210100100203	2	10	2210100101013	2	100	
222010010013	221010012003	2	100	2210100100113	2	1	221010010023	2	1	
222010010103	221010102003	2	100	221010010203	2	10	221010101013	2	100	
22201001013	22101012003	2	100	22101001203	2	10	22101001023	2	1	
2220100113	2210112003	2	100	22101001113	2	1	2210100123	2	1	
22201010103	221010101103	2	10	22101010203	2	10	22101010113	2	10	
2220101013	22101011103	2	10	2210101203	2	10	2210101023	2	1	
222010113	2210111103	2	10	221011203	2	10	221010123	2	1	
22201113	2210111013	2	1	221011113	2	1	22101123	2	1	
2211100100200200	22101001002003	1	200	2111100200200110	2	100	2111100200200101	2	100	
2211100100200110	22101001001103	1	200	22101001002003	1	110	2111100200110101	2	100	
2211100100200101	22101001001013	1	200	2111100200110101	2	100	2111100200101101	2	100	
221110010020020	2210100100203	1	200	22101001002003	1	20	211110020010120	2	100	
221110010020011	2210100100113	1	200	22101001002003	1	11	211110020010111	2	100	
22111001002002	221010010023	1	200	21111002001102	2	100	21111002001012	2	100	
2211100100110110	22101001001103	1	110	22101001001103	1	110	2111100110110101	2	100	
2211100100110101	22101001001013	1	110	2111100110110101	2	100	2111100110101101	2	100	
221110010011020	2210100100203	1	110	22101001001103	1	20	211110011010120	2	100	
221110010011011	2210100100113	1	110	22101001001103	1	11	211110011010111	2	100	
22111001001102	221010010023	1	110	22101001001103	1	2	21111001101012	2	100	
2211100100101101	22101001001013	1	101	2111100110101101	2	100	2111100101101101	2	100	
221110010010120	211110020010120	2	100	22101001001013	1	20	211110010110120	2	100	
221110010010111	211110020010111	2	100	22101001001013	1	11	211110010110111	2	100	
22111001001012	21111002001012	2	100	21111001101012	2	100	21111001011012	2	100	
22111001002020	21111002002020	2	100	2210100100203	1	20	21111001012020	2	100	
22111001002011	21111002002011	2	100	2210100100113	1	20	21111001012011	2	100	
2211100100202	2111100200202	2	100	221010010023	1	20	2111100101202	2	100	
22111001001111	21111002001111	2	100	2210100100113	1	11	21111001011111	2	100	
2211100100112	2111100200112	2	100	221010010023	1	11	2111100101112	2	100	
221110010022	211110020022	2	100	221010010023	1	2	211110010122	2	100	
221110010200200	2210100102003	1	200	211110020020020	2	10	211110200200101	2	100	
221110010200110	2210100101103	1	200	211110020011020	2	10	211110200110101	2	100	
221110010200101	2210100101013	1	200	211110020010120	2	10	211110200101101	2	100	
22111001020020	221010010203	1	200	2210100102003	1	20	21111020010120	2	100	
22111001020011	221010010113	1	200	21111002002011	2	10	21111020010111	2	100	
2211100102002	22101001023	1	200	2111100200202	2	10	2111102001012	2	100	
221110010110110	2210100101103	1	110	211110011011020	2	10	211110110110101	2	100	
221110010110101	2210100101013	1	110	211110011010120	2	10	211110110101101	2	100	
22111001011020	221010010203	1	110	2210100101103	1	20	21111011010120	2	100	
22111001011011	221010010113	1	110	21111001102011	2	10	21111011010111	2	100	
2211100101102	22101001023	1	110	2111100110202	2	10	2111101101012	2	100	
221110010101101	2210100101013	1	101	211110010110120	2	10	211110101101101	2	100	
22111001010120	21111020010120	2	100	2210100101013	1	20	21111010110120	2	100	
22111001010111	21111020010111	2	100	21111001012011	2	10	21111010110111	2	100	
2211100101012	2111102001012	2	100	2111100101202	2	10	2111101011012	2	100	
2211100102020	221010010203	1	20	221010010203	1	20	2111101012020	2	100	
2211100102011	2111102002011	2	100	221010010113	1	20	2111101012011	2	100	
221110010202	211110200202	2	100	22101001023	1	20	221010010203	1	2	
2211100101111	2111102001111	2	100	2111100201111	2	10	2111101011111	2	100	
221110010112	211110200112	2	100	211110020112	2	10	211110101112	2	100	
22111001022	21111020022	2	100	21111002022	2	10	22101001023	1	2	
22111001200200	221010012003	1	200	211110020020011	2	1	21111002002002	2	1	
22111001200110	221010011103	1	200	211110020011011	2	1	21111002001102	2	1	
22111001200101	221010011013	1	200	211110020010111	2	1	21111002001012	2	1	
2211100120020	22101001203	1	200	221010012003	1	20	2111100200202	2	1	
2211100120011	22101001113	1	200	221010012003	1	11	2111100200112	2	1	
221110012002	2210100123	1	200	2111100200112	2	1	211110020022	2	1	
22111001110110	221010011103	1	110	211110011011011	2	1	21111001101102	2	1	
22111001110101	221010011013	1	110	211110011010111	2	1	21111001101012	2	1	
2211100111020	22101001203	1	110	221010011103	1	20	2111100110202	2	1	
2211100111011	22101001113	1	110	221010011103	1	11	2111100110112	2	1	
221110011102	2210100123	1	110	2111100110112	2	1	211110011022	2	1	
22111001101101	21111200101101	2	100	211110010110111	2	1	21111001011012	2	1	
2211100110120	2111120010120	2	100	221010011013	1	20	2111100101202	2	1	
2211100110111	2111120010111	2	100	221010011013	1	11	2111100101112	2	1	
221110011012	211112001012	2	100	2111100101112	2	1	211110010122	2	1	
221110012020	211112002020	2	100	22101001203	1	20	211110020202	2	1	
221110012011	211112002011	2	100	22101001113	1	20	211110020112	2	1	
22111001202	21111200202	2	100	2210100123	1	20	21111002022	2	1	
221110011111	211112001111	2	100	22101001113	1	11	211110011112	2	1	
22111001112	21111200112	2	100	2210100123	1	11	21111001122	2	1	
2211100122	2111120022	2	100	21111001122	2	1	2111100222	2	1	
22111010200200	221010102003	1	200	21111020020020	2	10	21111020020011	2	10	
22111010200110	221010101103	1	200	21111020011020	2	10	21111020011011	2	10	
22111010200101	221010101013	1	200	21111020010120	2	10	21111020010111	2	10	
2211101020020	22101010203	1	200	221010102003	1	20	2111102002011	2	10	
2211101020011	22101010113	1	200	2111102002011	2	10	2111102001111	2	10	
221110102002	2210101023	1	200	211110200202	2	10	221010102003	1	2	
22111010110110	221010101103	1	110	21111011011020	2	10	21111011011011	2	10	
22111010110101	221010101013	1	110	21111011010120	2	10	21111011010111	2	10	
2211101011020	22101010203	1	110	221010101103	1	20	2111101102011	2	10	
2211101011011	22101010113	1	110	2111101102011	2	10	2111101101111	2	10	
221110101102	2210101023	1	110	211110110202	2	10	221010101103	1	2	
22111010101101	221010101013	1	101	21111010110120	2	10	21111010110111	2	10	
2211101010120	221010101013	1	20	2111101012020	2	10	2111101012011	2	10	
2211101010111	22101010113	1	101	2111101012011	2	10	2111101011111	2	10	
221110101012	2210101023	1	101	211110101202	2	10	221010101013	1	2	
221110102020	22101010203	1	20	22101010203	1	20	211110202011	2	10	
221110102011	22101010113	1	20	211110202011	2	10	211110201111	2	10	
22111010202	2210101023	1	20	21111020202	2	10	22101010203	1	2	
221110101111	22101010113	1	11	211110201111	2	10	211110111111	2	10	
22111010112	211110110112	2	10	21111020112	2	10	22101010113	1	2	
2211101022	21111011022	2	10	2111102022	2	10	2210101023	1	2	
2211101200200	22101012003	1	200	2111120020020	2	10	2111102002002	2	1	
2211101200110	22101011103	1	200	2111120011020	2	10	2111102001102	2	1	
2211101200101	22101011013	1	200	2111120010120	2	10	2111102001012	2	1	
221110120020	2210101203	1	200	211112002020	2	10	211110200202	2	1	
221110120011	2210101113	1	200	211112002011	2	10	211110200112	2	1	
22111012002	221010123	1	200	21111200202	2	10	21111020022	2	1	
2211101110110	22101011103	1	110	2111111011020	2	10	2111101101102	2	1	
2211101110101	22101011013	1	110	2111111010120	2	10	2111101101012	2	1	
221110111020	2210101203	1	110	22101011103	1	20	211110110202	2	1	
221110111011	2210101113	1	110	211111102011	2	10	211110110112	2	1	
22111011102	221010123	1	110	21111110202	2	10	21111011022	2	1	
2211101101101	22101011013	1	101	2111110110120	2	10	2111101011012	2	1	
221110110120	2210101203	1	101	211111012020	2	10	211110101202	2	1	
221110110111	2210101113	1	101	211111012011	2	10	211110101112	2	1	
22111011012	221010123	1	101	21111101202	2	10	21111010122	2	1	
22111012020	2210101203	1	20	2210101203	1	20	21111020202	2	1	
22111012011	2210101113	1	20	21111202011	2	10	21111020112	2	1	
2211101202	221010123	1	20	2111120202	2	10	2111102022	2	1	
22111011111	2210101113	1	11	21111201111	2	10	21111011112	2	1	
2211101112	21111110112	2	10	2111120112	2	10	2111101122	2	1	
221110122	2111111022	2	10	211112022	2	10	211110222	2	1	
221111200200	2210112003	1	200	2111120020011	2	1	211112002002	2	1	
221111200110	2210111103	1	200	2111120011011	2	1	211112001102	2	1	
221111200101	2210111013	1	200	2111120010111	2	1	211112001012	2	1	
22111120020	221011203	1	200	2210112003	1	20	21111200202	2	1	
22111120011	221011113	1	200	2210112003	1	11	21111200112	2	1	
2211112002	22101123	1	200	21111200112	2	1	2111120022	2	1	
221111110110	2210111103	1	110	2111111011011	2	1	211111101102	2	1	
221111110101	2210111013	1	110	2111111010111	2	1	211111101012	2	1	
22111111020	221011203	1	110	2210111103	1	20	21111110202	2	1	
22111111011	221011113	1	110	2210111103	1	11	21111110112	2	1	
2211111102	22101123	1	110	21111110112	2	1	2111111022	2	1	
221111101101	2210111013	1	101	2111110110111	2	1	211111011012	2	1	
22111110120	221011203	1	101	2210111013	1	20	21111101202	2	1	
22111110111	221011113	1	101	2210111013	1	11	21111101112	2	1	
2211111012	22101123	1	101	21111101112	2	1	2111110122	2	1	
2211112020	221011203	1	20	221011203	1	20	2111120202	2	1	
2211112011	221011113	1	20	221011113	1	20	2111120112	2	1	
221111202	22101123	1	20	2111120112	2	1	211112022	2	1	
2211111111	221011113	1	11	221011113	1	11	2111111112	2	1	
221111112	22101123	1	11	2111111112	2	1	211111122	2	1	
22111122	22101123	1	2	211111122	2	1	21111222	2	1	
3310002003	33000033	1	200	32100102003	3	0	3210012003	3	0	
3310001103	33000033	1	110	32100101103	3	0	3210011103	3	0	
3310001013	33000033	1	101	32100101013	3	0	3210011013	3	0	
331000203	33000033	1	20	3210010203	3	0	321001203	3	0	
331000113	33000033	1	11	3210010113	3	0	321001113	3	0	
33100023	33000033	1	2	321001023	3	0	32100123	3	0	
322001001003	321001002003	2	100	2220100100103	3	0	222010010013	3	0	
32200100103	32100102003	2	100	32100100203	2	10	22201001013	3	0	
3220010013	3210012003	2	100	22201001013	3	0	2220100113	3	0	
3220010103	32100101103	2	10	3210010203	2	10	2220101013	3	0	
322001013	3210011103	2	10	321001203	2	10	222010113	3	0	
32200113	3210011013	2	1	222010113	3	0	22201113	3	0	
32110100200200	321001002003	1	200	221110010200200	3	0	22111001200200	3	0	
32110100200110	321001001103	1	200	221110010200110	3	0	22111001200110	3	0	
32110100200101	321001001013	1	200	221110010200101	3	0	22111001200101	3	0	
3211010020020	32100100203	1	200	321001002003	1	20	2211100120020	3	0	
3211010020011	32100100113	1	200	321001002003	1	11	2211100120011	3	0	
321101002002	3210010023	1	200	2211100102002	3	0	221110012002	3	0	
32110100110110	321001001103	1	110	321001001103	1	110	22111001110110	3	0	
32110100110101	321001001013	1	110	221110010110101	3	0	22111001110101	3	0	
3211010011020	32100100203	1	110	321001001103	1	20	2211100111020	3	0	
3211010011011	32100100113	1	110	321001001103	1	11	2211100111011	3	0	
321101001102	3210010023	1	110	2211100101102	3	0	221110011102	3	0	
32110100101101	31110200101101	2	100	221110010101101	3	0	22111001101101	3	0	
3211010010120	3111020010120	2	100	321001001013	1	20	2211100110120	3	0	
3211010010111	3111020010111	2	100	321001001013	1	11	2211100110111	3	0	
321101001012	311102001012	2	100	2211100101012	3	0	221110011012	3	0	
321101002020	311102002020	2	100	32100100203	1	20	221110012020	3	0	
321101002011	311102002011	2	100	32100100113	1	20	221110012011	3	0	
32110100202	31110200202	2	100	3210010023	1	20	22111001202	3	0	
321101001111	311102001111	2	100	32100100113	1	11	221110011111	3	0	
32110100112	31110200112	2	100	3210010023	1	11	22111001112	3	0	
3211010022	3111020022	2	100	22111001022	3	0	2211100122	3	0	
3211010200200	32100102003	1	200	3111020020020	2	10	2211101200200	3	0	
3211010200110	32100101103	1	200	3111020011020	2	10	2211101200110	3	0	
3211010200101	32100101013	1	200	3111020010120	2	10	2211101200101	3	0	
321101020020	3210010203	1	200	311102002020	2	10	221110120020	3	0	
321101020011	3210010113	1	200	311102002011	2	10	221110120011	3	0	
32110102002	321001023	1	200	31110200202	2	10	22111012002	3	0	
3211010110110	32100101103	1	110	3111011011020	2	10	2211101110110	3	0	
3211010110101	32100101013	1	110	3111011010120	2	10	2211101110101	3	0	
321101011020	3210010203	1	110	311101102020	2	10	221110111020	3	0	
321101011011	3210010113	1	110	311101102011	2	10	221110111011	3	0	
32110101102	321001023	1	110	31110110202	2	10	22111011102	3	0	
3211010101101	32100101013	1	101	3111010110120	2	10	2211101101101	3	0	
321101010120	3210010203	1	101	311101012020	2	10	221110110120	3	0	
321101010111	3210010113	1	101	311101012011	2	10	221110110111	3	0	
32110101012	321001023	1	101	31110101202	2	10	22111011012	3	0	
32110102020	3210010203	1	20	31110202020	2	10	22111012020	3	0	
32110102011	3210010113	1	20	31110202011	2	10	22111012011	3	0	
3211010202	321001023	1	20	3111020202	2	10	2211101202	3	0	
32110101111	3210010113	1	11	31110201111	2	10	22111011111	3	0	
3211010112	31110110112	2	10	3111020112	2	10	2211101112	3	0	
321101022	3111011022	2	10	311102022	2	10	221110122	3	0	
321101200200	3210012003	1	200	2211101200200	3	0	221111200200	3	0	
321101200110	3210011103	1	200	3111020011011	2	1	221111200110	3	0	
321101200101	3210011013	1	200	2211101200101	3	0	221111200101	3	0	
32110120020	321001203	1	200	3210012003	1	20	22111120020	3	0	
32110120011	321001113	1	200	3210012003	1	11	22111120011	3	0	
3211012002	32100123	1	200	22111012002	3	0	2211112002	3	0	
321101110110	3210011103	1	110	3111011011011	2	1	221111110110	3	0	
321101110101	3210011013	1	110	2211101110101	3	0	221111110101	3	0	
32110111020	321001203	1	110	3210011103	1	20	22111111020	3	0	
32110111011	321001113	1	110	3210011103	1	11	22111111011	3	0	
3211011102	32100123	1	110	22111011102	3	0	2211111102	3	0	
321101101101	3210011013	1	101	2211101101101	3	0	221111101101	3	0	
32110110120	321001203	1	101	3210011013	1	20	22111110120	3	0	
32110110111	321001113	1	101	3210011013	1	11	22111110111	3	0	
3211011012	32100123	1	101	22111011012	3	0	2211111012	3	0	
3211012020	321001203	1	20	321001203	1	20	2211112020	3	0	
3211012011	321001113	1	20	321001113	1	20	2211112011	3	0	
321101202	32100123	1	20	2211101202	3	0	221111202	3	0	
3211011111	321001113	1	11	321001113	1	11	2211111111	3	0	
321101112	32100123	1	11	2211101112	3	0	221111112	3	0	
32110122	3111010122	2	1	221110122	3	0	22111122	3	0	
2221100100100200	22201001001003	1	200	2211100100200110	2	100	2211100100200101	2	100	
2221100100100110	22201001001003	1	110	2211100100110110	2	100	2211100100110101	2	100	
2221100100100101	2211100100200101	2	100	2211100100110101	2	100	2211100100101101	2	100	
222110010010020	221110010020020	2	100	22201001001003	1	20	221110010010120	2	100	
222110010010011	221110010020011	2	100	22201001001003	1	11	221110010010111	2	100	
22211001001002	22111001002002	2	100	22111001001102	2	100	22111001001012	2	100	
222110010010200	2220100100103	1	200	221110010020020	2	10	221110010200101	2	100	
222110010010110	2220100100103	1	110	221110010011020	2	10	221110010110101	2	100	
222110010010101	221110010200101	2	100	221110010010120	2	10	221110010101101	2	100	
22211001001020	22111001020020	2	100	2220100100103	1	20	22111001010120	2	100	
22211001001011	22111001020011	2	100	22111001002011	2	10	22111001010111	2	100	
2221100100102	2211100102002	2	100	2211100100202	2	10	2211100101012	2	100	
22211001001200	222010010013	1	200	221110010020011	2	1	22111001002002	2	1	
22211001001110	222010010013	1	110	221110010011011	2	1	22111001001102	2	1	
22211001001101	22111001200101	2	100	221110010010111	2	1	22111001001012	2	1	
2221100100120	2211100120020	2	100	222010010013	1	20	2211100100202	2	1	
2221100100111	2211100120011	2	100	222010010013	1	11	2211100100112	2	1	
222110010012	221110012002	2	100	2211100100112	2	1	221110010022	2	1	
22211001010200	222010010103	1	200	22111001020020	2	10	22111010200101	2	100	
22211001010110	222010010103	1	110	22111001011020	2	10	22111010110101	2	100	
22211001010101	22111010200101	2	100	22111001010120	2	10	22111010101101	2	100	
2221100101020	2211101020020	2	100	222010010103	1	20	2211101010120	2	100	
2221100101011	2211101020011	2	100	2211100102011	2	10	2211101010111	2	100	
222110010102	221110102002	2	100	221110010202	2	10	222010010103	1	2	
2221100101200	22201001013	1	200	2211100120020	2	10	2211100102002	2	1	
2221100101110	22201001013	1	110	2211100111020	2	10	2211100101102	2	1	
2221100101101	2211101200101	2	100	2211100110120	2	10	2211100101012	2	1	
222110010120	221110120020	2	100	22201001013	1	20	221110010202	2	1	
222110010111	221110120011	2	100	221110012011	2	10	221110010112	2	1	
22211001012	22111012002	2	100	22111001202	2	10	22111001022	2	1	
222110011200	2220100113	1	200	2211100120011	2	1	221110012002	2	1	
222110011110	2220100113	1	110	2211100111011	2	1	221110011102	2	1	
222110011101	221111200101	2	100	2211100110111	2	1	221110011012	2	1	
22211001120	22111120020	2	100	2220100113	1	20	22111001202	2	1	
22211001111	22111120011	2	100	2220100113	1	11	22111001112	2	1	
2221100112	2211112002	2	100	22111001112	2	1	2211100122	2	1	
2221101010200	22201010103	1	200	2211101020020	2	10	2211101020011	2	10	
2221101010110	22201010103	1	110	2211101011020	2	10	2211101011011	2	10	
2221101010101	22201010103	1	101	2211101010120	2	10	2211101010111	2	10	
222110101020	22201010103	1	20	221110102020	2	10	221110102011	2	10	
222110101011	2211101011011	2	10	221110102011	2	10	221110101111	2	10	
22211010102	221110101102	2	10	22111010202	2	10	22201010103	1	2	
222110101200	2220101013	1	200	221110120020	2	10	221110102002	2	1	
222110101110	2220101013	1	110	221110111020	2	10	221110101102	2	1	
222110101101	2220101013	1	101	221110110120	2	10	221110101012	2	1	
22211010120	2220101013	1	20	22111012020	2	10	22111010202	2	1	
22211010111	221110111011	2	10	22111012011	2	10	22111010112	2	1	
2221101012	22111011102	2	10	2211101202	2	10	2211101022	2	1	
22211011200	222010113	1	200	22111120020	2	10	22111012002	2	1	
22211011110	222010113	1	110	22111111020	2	10	22111011102	2	1	
22211011101	222010113	1	101	22111110120	2	10	22111011012	2	1	
2221101120	222010113	1	20	2211112020	2	10	2211101202	2	1	
2221101111	22111111011	2	10	2211112011	2	10	2211101112	2	1	
222110112	2211111102	2	10	221111202	2	10	221110122	2	1	
2221111200	22201113	1	200	22111120011	2	1	2211112002	2	1	
2221111110	22201113	1	110	22111111011	2	1	2211111102	2	1	
2221111101	22201113	1	101	22111110111	2	1	2211111012	2	1	
222111120	22201113	1	20	2211112011	2	1	221111202	2	1	
222111111	22201113	1	11	2211111111	2	1	221111112	2	1	
22211112	2211111012	2	1	221111112	2	1	22111122	2	1	
3320001003	3310002003	2	100	32200100103	3	0	3220010013	3	0	
332000103	3310001103	2	10	331000203	2	10	322001013	3	0	
33200013	3310001013	2	1	322001013	3	0	32200113	3	0	
331100200200	3310002003	1	200	3211010200200	3	0	321101200200	3	0	
331100200110	3310001103	1	200	3211010200110	3	0	321101200110	3	0	
331100200101	3310001013	1	200	3211010200101	3	0	321101200101	3	0	
33110020020	331000203	1	200	321101020020	3	0	32110120020	3	0	
33110020011	331000113	1	200	321101020011	3	0	32110120011	3	0	
3311002002	33100023	1	200	32110102002	3	0	3211012002	3	0	
331100110110	3310001103	1	110	3211010110110	3	0	321101110110	3	0	
331100110101	3310001013	1	110	3211010110101	3	0	321101110101	3	0	
33110011020	331000203	1	110	321101011020	3	0	32110111020	3	0	
33110011011	331000113	1	110	321101011011	3	0	32110111011	3	0	
3311001102	33100023	1	110	32110101102	3	0	3211011102	3	0	
331100101101	3310001013	1	101	3211010101101	3	0	321101101101	3	0	
33110010120	331000203	1	101	321101010120	3	0	32110110120	3	0	
33110010111	331000113	1	101	321101010111	3	0	32110110111	3	0	
3311001012	33100023	1	101	32110101012	3	0	3211011012	3	0	
3311002020	331000203	1	20	32110102020	3	0	3211012020	3	0	
3311002011	331000113	1	20	32110102011	3	0	3211012011	3	0	
331100202	33100023	1	20	3211010202	3	0	321101202	3	0	
3311001111	331000113	1	11	32110101111	3	0	3211011111	3	0	
331100112	33100023	1	11	3211010112	3	0	321101112	3	0	
33110022	33100023	1	2	321101022	3	0	32110122	3	0	
32210100100200	322001001003	1	200	222110010010200	3	0	22211001001200	3	0	
32210100100110	322001001003	1	110	222110010010110	3	0	22211001001110	3	0	
32210100100101	32110100200101	2	100	222110010010101	3	0	22211001001101	3	0	
3221010010020	3211010020020	2	100	322001001003	1	20	2221100100120	3	0	
3221010010011	3211010020011	2	100	322001001003	1	11	2221100100111	3	0	
322101001002	321101002002	2	100	2221100100102	3	0	222110010012	3	0	
3221010010200	32200100103	1	200	3211010020020	2	10	2221100101200	3	0	
3221010010110	32200100103	1	110	3211010011020	2	10	2221100101110	3	0	
3221010010101	3211010200101	2	100	3211010010120	2	10	2221100101101	3	0	
322101001020	321101020020	2	100	321101002020	2	10	222110010120	3	0	
322101001011	321101020011	2	100	321101002011	2	10	222110010111	3	0	
32210100102	32110102002	2	100	32110100202	2	10	22211001012	3	0	
322101001200	3220010013	1	200	2221100101200	3	0	222110011200	3	0	
322101001110	3220010013	1	110	2221100101110	3	0	222110011110	3	0	
322101001101	321101200101	2	100	3211010010111	2	1	222110011101	3	0	
32210100120	32110120020	2	100	3220010013	1	20	22211001120	3	0	
32210100111	32110120011	2	100	3220010013	1	11	22211001111	3	0	
3221010012	3211012002	2	100	22211001012	3	0	2221100112	3	0	
322101010200	3220010103	1	200	321101020020	2	10	222110101200	3	0	
322101010110	3220010103	1	110	321101011020	2	10	222110101110	3	0	
322101010101	3220010103	1	101	321101010120	2	10	222110101101	3	0	
32210101020	321101011020	2	10	32110102020	2	10	22211010120	3	0	
32210101011	321101011011	2	10	32110102011	2	10	22211010111	3	0	
3221010102	32110101102	2	10	3211010202	2	10	2221101012	3	0	
32210101200	322001013	1	200	32110120020	2	10	22211011200	3	0	
32210101110	322001013	1	110	32110111020	2	10	22211011110	3	0	
32210101101	322001013	1	101	32110110120	2	10	22211011101	3	0	
3221010120	322001013	1	20	3211012020	2	10	2221101120	3	0	
3221010111	32110111011	2	10	3211012011	2	10	2221101111	3	0	
322101012	3211011102	2	10	321101202	2	10	222110112	3	0	
3221011200	32200113	1	200	22211011200	3	0	2221111200	3	0	
3221011110	32200113	1	110	22211011110	3	0	2221111110	3	0	
3221011101	32200113	1	101	22211011101	3	0	2221111101	3	0	
322101120	32200113	1	20	2221101120	3	0	222111120	3	0	
322101111	32200113	1	11	2221101111	3	0	222111111	3	0	
32210112	3211011012	2	1	222110112	3	0	22211112	3	0	
2222100100100100	2221100100100200	2	100	2221100100100110	2	100	2221100100100101	2	100	
222210010010010	222110010010200	2	100	222110010010020	2	10	222110010010101	2	100	
22221001001001	22211001001200	2	100	222110010010011	2	1	22211001001002	2	1	
22221001001010	22211001010200	2	100	22211001001020	2	10	22211001010101	2	100	
2222100100101	2221100101200	2	100	2221100100120	2	10	2221100100102	2	1	
222210010011	222110011200	2	100	2221100100111	2	1	222110010012	2	1	
2222100101010	2221101010200	2	100	2221100101020	2	10	2221101010101	2	100	
222210010101	222110101200	2	100	222110010120	2	10	222110010102	2	1	
22221001011	22211011200	2	100	22211001120	2	10	22211001012	2	1	
2222100111	2221111200	2	100	22211001111	2	1	2221100112	2	1	
222210101010	2221101010110	2	10	222110101020	2	10	222110101011	2	10	
22221010101	222110101110	2	10	22211010120	2	10	22211010102	2	1	
2222101011	22211011110	2	10	2221101120	2	10	2221101012	2	1	
222210111	2221111110	2	10	222111120	2	10	222110112	2	1	
22221111	2221111101	2	1	222111111	2	1	22211112	2	1	
33300003	3320001003	3	0	332000103	3	0	33200013	3	0	
332100100200	3320001003	1	200	3221010010200	3	0	322101001200	3	0	
332100100110	3320001003	1	110	3221010010110	3	0	322101001110	3	0	
332100100101	331100200101	2	100	3221010010101	3	0	322101001101	3	0	
33210010020	33110020020	2	100	3320001003	1	20	32210100120	3	0	
33210010011	33110020011	2	100	3320001003	1	11	32210100111	3	0	
3321001002	3311002002	2	100	32210100102	3	0	3221010012	3	0	
33210010200	332000103	1	200	33110020020	2	10	32210101200	3	0	
33210010110	332000103	1	110	33110011020	2	10	32210101110	3	0	
33210010101	332000103	1	101	33110010120	2	10	32210101101	3	0	
3321001020	33110011020	2	10	3311002020	2	10	3221010120	3	0	
3321001011	33110011011	2	10	3311002011	2	10	3221010111	3	0	
332100102	3311001102	2	10	331100202	2	10	322101012	3	0	
3321001200	33200013	1	200	32210101200	3	0	3221011200	3	0	
3321001110	33200013	1	110	32210101110	3	0	3221011110	3	0	
3321001101	33200013	1	101	32210101101	3	0	3221011101	3	0	
332100120	33200013	1	20	3221010120	3	0	322101120	3	0	
332100111	33200013	1	11	3221010111	3	0	322101111	3	0	
33210012	3311001012	2	1	322101012	3	0	32210112	3	0	
32220100100100	32210100100200	2	100	222210010010010	3	0	22221001001001	3	0	
3222010010010	3221010010200	2	100	3221010010020	2	10	2222100100101	3	0	
322201001001	322101001200	2	100	2222100100101	3	0	222210010011	3	0	
322201001010	322101010200	2	100	322101001020	2	10	222210010101	3	0	
32220100101	32210101200	2	100	32210100120	2	10	22221001011	3	0	
3222010011	3221011200	2	100	22221001011	3	0	2222100111	3	0	
32220101010	322101010110	2	10	32210101020	2	10	22221010101	3	0	
3222010101	32210101110	2	10	3221010120	2	10	2222101011	3	0	
322201011	3221011110	2	10	322101120	2	10	222210111	3	0	
32220111	3221011101	2	1	222210111	3	0	22221111	3	0	
3331000200	33300003	1	200	33210010200	3	0	3321001200	3	0	
3331000110	33300003	1	110	33210010110	3	0	3321001110	3	0	
3331000101	33300003	1	101	33210010101	3	0	3321001101	3	0	
333100020	33300003	1	20	3321001020	3	0	332100120	3	0	
333100011	33300003	1	11	3321001011	3	0	332100111	3	0	
33310002	3321001002	3	0	332100102	3	0	33210012	3	0	
332200100100	332100100200	2	100	3222010010010	3	0	322201001001	3	0	
33220010010	33210010200	2	100	33210010020	2	10	32220100101	3	0	
3322001001	3321001200	2	100	32220100101	3	0	3222010011	3	0	
3322001010	33210010110	2	10	3321001020	2	10	3222010101	3	0	
332200101	3321001110	2	10	332100120	2	10	322201011	3	0	
33220011	3321001101	2	1	322201011	3	0	32220111	3	0	
3332000100	3331000200	2	100	33220010010	3	0	3322001001	3	0	
333200010	3331000110	2	10	3322001010	3	0	332200101	3	0	
33320001	3322001001	3	0	332200101	3	0	33220011	3	0	
33330000	3332000100	3	0	333200010	3	0	33320001	3	0	
