1000002033333	000000333333	1	20	000000333333	1	20	
1000001133333	000000333333	1	11	000000333333	1	11	
100000233333	000000333333	1	2	000000333333	1	2	
2000001033333	1000002033333	2	10	1000001133333	2	10	
200000133333	1000001133333	2	1	100000233333	2	1	
11000020203333	1000002033333	1	20	1000002033333	1	20	
11000020113333	1000001133333	1	20	1000002033333	1	11	
1100002023333	100000233333	1	20	1000002033333	1	2	
11000011113333	1000001133333	1	11	1000001133333	1	11	
1100001123333	100000233333	1	11	1000001133333	1	2	
110000223333	100000233333	1	2	100000233333	1	2	
300000033333	2000001033333	3	0	200000133333	3	0	
21000010203333	2000001033333	1	20	11000020113333	2	10	
21000010113333	11000020113333	2	10	11000011113333	2	10	
2100001023333	1100002023333	2	10	1100001123333	2	10	
2100001203333	200000133333	1	20	1100002023333	2	1	
2100001113333	200000133333	1	11	1100001123333	2	1	
210000123333	1100001123333	2	1	110000223333	2	1	
111000202020333	11000020203333	1	20	11000020203333	1	20	
111000202011333	11000020113333	1	20	11000020203333	1	11	
11100020202333	1100002023333	1	20	11000020203333	1	2	
111000201111333	11000011113333	1	20	11000020113333	1	11	
11100020112333	1100001123333	1	20	11000020113333	1	2	
1110002022333	110000223333	1	20	1100002023333	1	2	
111000111111333	11000011113333	1	11	11000011113333	1	11	
11100011112333	1100001123333	1	11	11000011113333	1	2	
1110001122333	110000223333	1	11	1100001123333	1	2	
111000222333	110000223333	1	2	110000223333	1	2	
3100000203333	300000033333	1	20	2100001203333	3	0	
3100000113333	300000033333	1	11	2100001113333	3	0	
310000023333	300000033333	1	2	210000123333	3	0	
22000010103333	21000010203333	2	10	21000010113333	2	10	
2200001013333	2100001203333	2	10	2100001023333	2	1	
220000113333	2100001113333	2	1	210000123333	2	1	
211000102020333	21000010203333	1	20	111000202011333	2	10	
211000102011333	21000010113333	1	20	111000201111333	2	10	
21100010202333	2100001023333	1	20	11100020112333	2	10	
211000101111333	111000201111333	2	10	111000111111333	2	10	
21100010112333	11100020112333	2	10	11100011112333	2	10	
2110001022333	1110002022333	2	10	2100001023333	1	2	
21100012020333	2100001203333	1	20	11100020202333	2	1	
21100012011333	2100001113333	1	20	11100020112333	2	1	
2110001202333	210000123333	1	20	1110002022333	2	1	
21100011111333	2100001113333	1	11	11100011112333	2	1	
2110001112333	210000123333	1	11	1110001122333	2	1	
211000122333	1110001122333	2	1	111000222333	2	1	
1111002020202033	111000202020333	1	20	111000202020333	1	20	
1111002020201133	111000202011333	1	20	111000202020333	1	11	
111100202020233	11100020202333	1	20	111000202020333	1	2	
1111002020111133	111000201111333	1	20	111000202011333	1	11	
111100202011233	11100020112333	1	20	111000202011333	1	2	
11110020202233	1110002022333	1	20	11100020202333	1	2	
1111002011111133	111000111111333	1	20	111000201111333	1	11	
111100201111233	11100011112333	1	20	111000201111333	1	2	
11110020112233	1110001122333	1	20	11100020112333	1	2	
1111002022233	111000222333	1	20	1110002022333	1	2	
1111001111111133	111000111111333	1	11	111000111111333	1	11	
111100111111233	11100011112333	1	11	111000111111333	1	2	
11110011112233	1110001122333	1	11	11100011112333	1	2	
1111001122233	111000222333	1	11	1110001122333	1	2	
111100222233	111000222333	1	2	111000222333	1	2	
3200000103333	3100000203333	2	10	2200001013333	3	0	
320000013333	3100000113333	2	1	220000113333	3	0	
31100002020333	3100000203333	1	20	21100012020333	3	0	
31100002011333	3100000113333	1	20	21100012011333	3	0	
3110000202333	310000023333	1	20	2110001202333	3	0	
31100001111333	3100000113333	1	11	21100011111333	3	0	
3110000112333	310000023333	1	11	2110001112333	3	0	
311000022333	310000023333	1	2	211000122333	3	0	
221000101020333	22000010103333	1	20	211000102011333	2	10	
221000101011333	211000102011333	2	10	211000101111333	2	10	
22100010102333	21100010202333	2	10	21100010112333	2	10	
22100010120333	2200001013333	1	20	21100010202333	2	1	
22100010111333	21100012011333	2	10	21100010112333	2	1	
2210001012333	2110001202333	2	10	2110001022333	2	1	
2210001120333	220000113333	1	20	2110001202333	2	1	
2210001111333	220000113333	1	11	2110001112333	2	1	
221000112333	2110001112333	2	1	211000122333	2	1	
2111001020202033	211000102020333	1	20	1111002020201133	2	10	
2111001020201133	211000102011333	1	20	1111002020111133	2	10	
211100102020233	21100010202333	1	20	111100202011233	2	10	
2111001020111133	211000101111333	1	20	1111002011111133	2	10	
211100102011233	21100010112333	1	20	111100201111233	2	10	
21110010202233	2110001022333	1	20	21100010202333	1	2	
2111001011111133	1111002011111133	2	10	1111001111111133	2	10	
211100101111233	111100201111233	2	10	111100111111233	2	10	
21110010112233	11110020112233	2	10	21100010112333	1	2	
2111001022233	1111002022233	2	10	2110001022333	1	2	
211100120202033	21100012020333	1	20	111100202020233	2	1	
211100120201133	21100012011333	1	20	111100202011233	2	1	
21110012020233	2110001202333	1	20	11110020202233	2	1	
211100120111133	21100011111333	1	20	111100201111233	2	1	
21110012011233	2110001112333	1	20	11110020112233	2	1	
2111001202233	211000122333	1	20	1111002022233	2	1	
211100111111133	21100011111333	1	11	111100111111233	2	1	
21110011111233	2110001112333	1	11	11110011112233	2	1	
2111001112233	211000122333	1	11	1111001122233	2	1	
211100122233	1111001122233	2	1	111100222233	2	1	
11111020202020203	1111002020202033	1	20	1111002020202033	1	20	
11111020202020113	1111002020201133	1	20	1111002020202033	1	11	
1111102020202023	111100202020233	1	20	1111002020202033	1	2	
11111020202011113	1111002020111133	1	20	1111002020201133	1	11	
1111102020201123	111100202011233	1	20	1111002020201133	1	2	
111110202020223	11110020202233	1	20	111100202020233	1	2	
11111020201111113	1111002011111133	1	20	1111002020111133	1	11	
1111102020111123	111100201111233	1	20	1111002020111133	1	2	
111110202011223	11110020112233	1	20	111100202011233	1	2	
11111020202223	1111002022233	1	20	11110020202233	1	2	
11111020111111113	1111001111111133	1	20	1111002011111133	1	11	
1111102011111123	111100111111233	1	20	1111002011111133	1	2	
111110201111223	11110011112233	1	20	111100201111233	1	2	
11111020112223	1111001122233	1	20	11110020112233	1	2	
1111102022223	111100222233	1	20	1111002022233	1	2	
11111011111111113	1111001111111133	1	11	1111001111111133	1	11	
1111101111111123	111100111111233	1	11	1111001111111133	1	2	
111110111111223	11110011112233	1	11	111100111111233	1	2	
11111011112223	1111001122233	1	11	11110011112233	1	2	
1111101122223	111100222233	1	11	1111001122233	1	2	
111110222223	111100222233	1	2	111100222233	1	2	
330000003333	3200000103333	3	0	320000013333	3	0	
32100001020333	3200000103333	1	20	22100010120333	3	0	
32100001011333	31100002011333	2	10	22100010111333	3	0	
3210000102333	3110000202333	2	10	2210001012333	3	0	
3210000120333	320000013333	1	20	2210001120333	3	0	
3210000111333	320000013333	1	11	2210001111333	3	0	
321000012333	3110000112333	2	1	221000112333	3	0	
311100020202033	31100002020333	1	20	211100120202033	3	0	
311100020201133	31100002011333	1	20	211100120201133	3	0	
31110002020233	3110000202333	1	20	21110012020233	3	0	
311100020111133	31100001111333	1	20	211100120111133	3	0	
31110002011233	3110000112333	1	20	21110012011233	3	0	
3111000202233	311000022333	1	20	2111001202233	3	0	
311100011111133	31100001111333	1	11	211100111111133	3	0	
31110001111233	3110000112333	1	11	21110011111233	3	0	
3111000112233	311000022333	1	11	2111001112233	3	0	
311100022233	311000022333	1	2	211100122233	3	0	
222000101010333	221000101020333	2	10	221000101011333	2	10	
22200010101333	22100010120333	2	10	22100010102333	2	1	
2220001011333	2210001120333	2	10	2210001012333	2	1	
222000111333	2210001111333	2	1	221000112333	2	1	
2211001010202033	221000101020333	1	20	2111001020201133	2	10	
2211001010201133	221000101011333	1	20	2111001020111133	2	10	
221100101020233	22100010102333	1	20	211100102011233	2	10	
2211001010111133	2111001020111133	2	10	2111001011111133	2	10	
221100101011233	211100102011233	2	10	211100101111233	2	10	
22110010102233	21110010202233	2	10	22100010102333	1	2	
221100101202033	22100010120333	1	20	211100102020233	2	1	
221100101201133	22100010111333	1	20	211100102011233	2	1	
22110010120233	2210001012333	1	20	21110010202233	2	1	
221100101111133	211100120111133	2	10	211100101111233	2	1	
22110010111233	21110012011233	2	10	21110010112233	2	1	
2211001012233	2111001202233	2	10	2111001022233	2	1	
22110011202033	2210001120333	1	20	21110012020233	2	1	
22110011201133	2210001111333	1	20	21110012011233	2	1	
2211001120233	221000112333	1	20	2111001202233	2	1	
22110011111133	2210001111333	1	11	21110011111233	2	1	
2211001111233	221000112333	1	11	2111001112233	2	1	
221100112233	2111001112233	2	1	211100122233	2	1	
21111010202020203	2111001020202033	1	20	11111020202020113	2	10	
21111010202020113	2111001020201133	1	20	11111020202011113	2	10	
2111101020202023	211100102020233	1	20	1111102020201123	2	10	
21111010202011113	2111001020111133	1	20	11111020201111113	2	10	
2111101020201123	211100102011233	1	20	1111102020111123	2	10	
211110102020223	21110010202233	1	20	211100102020233	1	2	
21111010201111113	2111001011111133	1	20	11111020111111113	2	10	
2111101020111123	211100101111233	1	20	1111102011111123	2	10	
211110102011223	21110010112233	1	20	211100102011233	1	2	
21111010202223	2111001022233	1	20	21110010202233	1	2	
21111010111111113	11111020111111113	2	10	11111011111111113	2	10	
2111101011111123	1111102011111123	2	10	1111101111111123	2	10	
211110101111223	111110201111223	2	10	211100101111233	1	2	
21111010112223	11111020112223	2	10	21110010112233	1	2	
2111101022223	1111102022223	2	10	2111001022233	1	2	
2111101202020203	211100120202033	1	20	1111102020202023	2	1	
2111101202020113	211100120201133	1	20	1111102020201123	2	1	
211110120202023	21110012020233	1	20	111110202020223	2	1	
2111101202011113	211100120111133	1	20	1111102020111123	2	1	
211110120201123	21110012011233	1	20	111110202011223	2	1	
21111012020223	2111001202233	1	20	11111020202223	2	1	
2111101201111113	211100111111133	1	20	1111102011111123	2	1	
211110120111123	21110011111233	1	20	111110201111223	2	1	
21111012011223	2111001112233	1	20	11111020112223	2	1	
2111101202223	211100122233	1	20	1111102022223	2	1	
2111101111111113	211100111111133	1	11	1111101111111123	2	1	
211110111111123	21110011111233	1	11	111110111111223	2	1	
21111011111223	2111001112233	1	11	11111011112223	2	1	
2111101112223	211100122233	1	11	1111101122223	2	1	
211110122223	1111101122223	2	1	111110222223	2	1	
111111202020202020	11111020202020203	1	20	11111020202020203	1	20	
111111202020202011	11111020202020113	1	20	11111020202020203	1	11	
11111120202020202	1111102020202023	1	20	11111020202020203	1	2	
111111202020201111	11111020202011113	1	20	11111020202020113	1	11	
11111120202020112	1111102020201123	1	20	11111020202020113	1	2	
1111112020202022	111110202020223	1	20	1111102020202023	1	2	
111111202020111111	11111020201111113	1	20	11111020202011113	1	11	
11111120202011112	1111102020111123	1	20	11111020202011113	1	2	
1111112020201122	111110202011223	1	20	1111102020201123	1	2	
111111202020222	11111020202223	1	20	111110202020223	1	2	
111111202011111111	11111020111111113	1	20	11111020201111113	1	11	
11111120201111112	1111102011111123	1	20	11111020201111113	1	2	
1111112020111122	111110201111223	1	20	1111102020111123	1	2	
111111202011222	11111020112223	1	20	111110202011223	1	2	
11111120202222	1111102022223	1	20	11111020202223	1	2	
111111201111111111	11111011111111113	1	20	11111020111111113	1	11	
11111120111111112	1111101111111123	1	20	11111020111111113	1	2	
1111112011111122	111110111111223	1	20	1111102011111123	1	2	
111111201111222	11111011112223	1	20	111110201111223	1	2	
11111120112222	1111101122223	1	20	11111020112223	1	2	
1111112022222	111110222223	1	20	1111102022223	1	2	
111111111111111111	11111011111111113	1	11	11111011111111113	1	11	
11111111111111112	1111101111111123	1	11	11111011111111113	1	2	
1111111111111122	111110111111223	1	11	1111101111111123	1	2	
111111111111222	11111011112223	1	11	111110111111223	1	2	
11111111112222	1111101122223	1	11	11111011112223	1	2	
1111111122222	111110222223	1	11	1111101122223	1	2	
111111222222	111110222223	1	2	111110222223	1	2	
3310000020333	330000003333	1	20	3210000120333	3	0	
3310000011333	330000003333	1	11	3210000111333	3	0	
331000002333	3210000102333	3	0	321000012333	3	0	
32200001010333	32100001020333	2	10	22200010101333	3	0	
3220000101333	3210000120333	2	10	2220001011333	3	0	
322000011333	3210000111333	2	1	222000111333	3	0	
321100010202033	32100001020333	1	20	221100101202033	3	0	
321100010201133	32100001011333	1	20	221100101201133	3	0	
32110001020233	3210000102333	1	20	22110010120233	3	0	
321100010111133	311100020111133	2	10	221100101111133	3	0	
32110001011233	31110002011233	2	10	22110010111233	3	0	
3211000102233	3111000202233	2	10	2211001012233	3	0	
32110001202033	3210000120333	1	20	22110011202033	3	0	
32110001201133	3210000111333	1	20	22110011201133	3	0	
3211000120233	321000012333	1	20	2211001120233	3	0	
32110001111133	3210000111333	1	11	22110011111133	3	0	
3211000111233	321000012333	1	11	2211001111233	3	0	
321100012233	3111000112233	2	1	221100112233	3	0	
3111100202020203	311100020202033	1	20	2111101202020203	3	0	
3111100202020113	311100020201133	1	20	2111101202020113	3	0	
311110020202023	31110002020233	1	20	211110120202023	3	0	
3111100202011113	311100020111133	1	20	2111101202011113	3	0	
311110020201123	31110002011233	1	20	211110120201123	3	0	
31111002020223	3111000202233	1	20	21111012020223	3	0	
3111100201111113	311100011111133	1	20	2111101201111113	3	0	
311110020111123	31110001111233	1	20	211110120111123	3	0	
31111002011223	3111000112233	1	20	21111012011223	3	0	
3111100202223	311100022233	1	20	2111101202223	3	0	
3111100111111113	311100011111133	1	11	2111101111111113	3	0	
311110011111123	31110001111233	1	11	211110111111123	3	0	
31111001111223	3111000112233	1	11	21111011111223	3	0	
3111100112223	311100022233	1	11	2111101112223	3	0	
311110022223	311100022233	1	2	211110122223	3	0	
2221001010102033	222000101010333	1	20	2211001010201133	2	10	
2221001010101133	2211001010201133	2	10	2211001010111133	2	10	
222100101010233	221100101020233	2	10	221100101011233	2	10	
222100101012033	22200010101333	1	20	221100101020233	2	1	
222100101011133	221100101201133	2	10	221100101011233	2	1	
22210010101233	22110010120233	2	10	22110010102233	2	1	
22210010112033	2220001011333	1	20	22110010120233	2	1	
22210010111133	22110011201133	2	10	22110010111233	2	1	
2221001011233	2211001120233	2	10	2211001012233	2	1	
2221001112033	222000111333	1	20	2211001120233	2	1	
2221001111133	222000111333	1	11	2211001111233	2	1	
222100111233	2211001111233	2	1	221100112233	2	1	
22111010102020203	2211001010202033	1	20	21111010202020113	2	10	
22111010102020113	2211001010201133	1	20	21111010202011113	2	10	
2211101010202023	221100101020233	1	20	2111101020201123	2	10	
22111010102011113	2211001010111133	1	20	21111010201111113	2	10	
2211101010201123	221100101011233	1	20	2111101020111123	2	10	
221110101020223	22110010102233	1	20	221100101020233	1	2	
22111010101111113	21111010201111113	2	10	21111010111111113	2	10	
2211101010111123	2111101020111123	2	10	2111101011111123	2	10	
221110101011223	211110102011223	2	10	221100101011233	1	2	
22111010102223	21111010202223	2	10	22110010102233	1	2	
2211101012020203	221100101202033	1	20	2111101020202023	2	1	
2211101012020113	221100101201133	1	20	2111101020201123	2	1	
221110101202023	22110010120233	1	20	211110102020223	2	1	
2211101012011113	221100101111133	1	20	2111101020111123	2	1	
221110101201123	22110010111233	1	20	211110102011223	2	1	
22111010120223	2211001012233	1	20	21111010202223	2	1	
2211101011111113	2111101201111113	2	10	2111101011111123	2	1	
221110101111123	211110120111123	2	10	211110101111223	2	1	
22111010111223	21111012011223	2	10	21111010112223	2	1	
2211101012223	2111101202223	2	10	2111101022223	2	1	
221110112020203	22110011202033	1	20	211110120202023	2	1	
221110112020113	22110011201133	1	20	211110120201123	2	1	
22111011202023	2211001120233	1	20	21111012020223	2	1	
221110112011113	22110011111133	1	20	211110120111123	2	1	
22111011201123	2211001111233	1	20	21111012011223	2	1	
2211101120223	221100112233	1	20	2111101202223	2	1	
221110111111113	22110011111133	1	11	211110111111123	2	1	
22111011111123	2211001111233	1	11	21111011111223	2	1	
2211101111223	221100112233	1	11	2111101112223	2	1	
221110112223	2111101112223	2	1	211110122223	2	1	
211111102020202020	21111010202020203	1	20	111111202020202011	2	10	
211111102020202011	21111010202020113	1	20	111111202020201111	2	10	
21111110202020202	2111101020202023	1	20	11111120202020112	2	10	
211111102020201111	21111010202011113	1	20	111111202020111111	2	10	
21111110202020112	2111101020201123	1	20	11111120202011112	2	10	
2111111020202022	211110102020223	1	20	2111101020202023	1	2	
211111102020111111	21111010201111113	1	20	111111202011111111	2	10	
21111110202011112	2111101020111123	1	20	11111120201111112	2	10	
2111111020201122	211110102011223	1	20	2111101020201123	1	2	
211111102020222	21111010202223	1	20	211110102020223	1	2	
211111102011111111	21111010111111113	1	20	111111201111111111	2	10	
21111110201111112	2111101011111123	1	20	11111120111111112	2	10	
2111111020111122	211110101111223	1	20	2111101020111123	1	2	
211111102011222	21111010112223	1	20	211110102011223	1	2	
21111110202222	2111101022223	1	20	21111010202223	1	2	
211111101111111111	111111201111111111	2	10	111111111111111111	2	10	
21111110111111112	11111120111111112	2	10	11111111111111112	2	10	
2111111011111122	1111112011111122	2	10	2111101011111123	1	2	
211111101111222	111111201111222	2	10	211110101111223	1	2	
21111110112222	11111120112222	2	10	21111010112223	1	2	
2111111022222	1111112022222	2	10	2111101022223	1	2	
21111112020202020	2111101202020203	1	20	11111120202020202	2	1	
21111112020202011	2111101202020113	1	20	11111120202020112	2	1	
2111111202020202	211110120202023	1	20	1111112020202022	2	1	
21111112020201111	2111101202011113	1	20	11111120202011112	2	1	
2111111202020112	211110120201123	1	20	1111112020201122	2	1	
211111120202022	21111012020223	1	20	111111202020222	2	1	
21111112020111111	2111101201111113	1	20	11111120201111112	2	1	
2111111202011112	211110120111123	1	20	1111112020111122	2	1	
211111120201122	21111012011223	1	20	111111202011222	2	1	
21111112020222	2111101202223	1	20	11111120202222	2	1	
21111112011111111	2111101111111113	1	20	11111120111111112	2	1	
2111111201111112	211110111111123	1	20	1111112011111122	2	1	
211111120111122	21111011111223	1	20	111111201111222	2	1	
21111112011222	2111101112223	1	20	11111120112222	2	1	
2111111202222	211110122223	1	20	1111112022222	2	1	
21111111111111111	2111101111111113	1	11	11111111111111112	2	1	
2111111111111112	211110111111123	1	11	1111111111111122	2	1	
211111111111122	21111011111223	1	11	111111111111222	2	1	
21111111111222	2111101112223	1	11	11111111112222	2	1	
2111111112222	211110122223	1	11	1111111122222	2	1	
211111122222	1111111122222	2	1	111111222222	2	1	
3320000010333	3310000020333	2	10	3220000101333	3	0	
332000001333	3220000101333	3	0	322000011333	3	0	
33110000202033	3310000020333	1	20	32110001202033	3	0	
33110000201133	3310000011333	1	20	32110001201133	3	0	
3311000020233	331000002333	1	20	3211000120233	3	0	
33110000111133	3310000011333	1	11	32110001111133	3	0	
3311000011233	331000002333	1	11	3211000111233	3	0	
331100002233	3211000102233	3	0	321100012233	3	0	
322100010102033	32200001010333	1	20	222100101012033	3	0	
322100010101133	321100010201133	2	10	222100101011133	3	0	
32210001010233	32110001020233	2	10	22210010101233	3	0	
32210001012033	3220000101333	1	20	22210010112033	3	0	
32210001011133	32110001201133	2	10	22210010111133	3	0	
3221000101233	3211000120233	2	10	2221001011233	3	0	
3221000112033	322000011333	1	20	2221001112033	3	0	
3221000111133	322000011333	1	11	2221001111133	3	0	
322100011233	3211000111233	2	1	222100111233	3	0	
3211100102020203	321100010202033	1	20	2211101012020203	3	0	
3211100102020113	321100010201133	1	20	2211101012020113	3	0	
321110010202023	32110001020233	1	20	221110101202023	3	0	
3211100102011113	321100010111133	1	20	2211101012011113	3	0	
321110010201123	32110001011233	1	20	221110101201123	3	0	
32111001020223	3211000102233	1	20	22111010120223	3	0	
3211100101111113	3111100201111113	2	10	2211101011111113	3	0	
321110010111123	311110020111123	2	10	221110101111123	3	0	
32111001011223	31111002011223	2	10	22111010111223	3	0	
3211100102223	3111100202223	2	10	2211101012223	3	0	
321110012020203	32110001202033	1	20	221110112020203	3	0	
321110012020113	32110001201133	1	20	221110112020113	3	0	
32111001202023	3211000120233	1	20	22111011202023	3	0	
321110012011113	32110001111133	1	20	221110112011113	3	0	
32111001201123	3211000111233	1	20	22111011201123	3	0	
3211100120223	321100012233	1	20	2211101120223	3	0	
321110011111113	32110001111133	1	11	221110111111113	3	0	
32111001111123	3211000111233	1	11	22111011111123	3	0	
3211100111223	321100012233	1	11	2211101111223	3	0	
321110012223	3111100112223	2	1	221110112223	3	0	
31111102020202020	3111100202020203	1	20	21111112020202020	3	0	
31111102020202011	3111100202020113	1	20	21111112020202011	3	0	
3111110202020202	311110020202023	1	20	2111111202020202	3	0	
31111102020201111	3111100202011113	1	20	21111112020201111	3	0	
3111110202020112	311110020201123	1	20	2111111202020112	3	0	
311111020202022	31111002020223	1	20	211111120202022	3	0	
31111102020111111	3111100201111113	1	20	21111112020111111	3	0	
3111110202011112	311110020111123	1	20	2111111202011112	3	0	
311111020201122	31111002011223	1	20	211111120201122	3	0	
31111102020222	3111100202223	1	20	21111112020222	3	0	
31111102011111111	3111100111111113	1	20	21111112011111111	3	0	
3111110201111112	311110011111123	1	20	2111111201111112	3	0	
311111020111122	31111001111223	1	20	211111120111122	3	0	
31111102011222	3111100112223	1	20	21111112011222	3	0	
3111110202222	311110022223	1	20	2111111202222	3	0	
31111101111111111	3111100111111113	1	11	21111111111111111	3	0	
3111110111111112	311110011111123	1	11	2111111111111112	3	0	
311111011111122	31111001111223	1	11	211111111111122	3	0	
31111101111222	3111100112223	1	11	21111111111222	3	0	
3111110112222	311110022223	1	11	2111111112222	3	0	
311111022222	311110022223	1	2	211111122222	3	0	
2222001010101033	2221001010102033	2	10	2221001010101133	2	10	
222200101010133	222100101012033	2	10	222100101010233	2	1	
22220010101133	22210010112033	2	10	22210010101233	2	1	
2222001011133	2221001112033	2	10	2221001011233	2	1	
222200111133	2221001111133	2	1	222100111233	2	1	
22211010101020203	2221001010102033	1	20	22111010102020113	2	10	
22211010101020113	2221001010101133	1	20	22111010102011113	2	10	
2221101010102023	222100101010233	1	20	2211101010201123	2	10	
22211010101011113	22111010102011113	2	10	22111010101111113	2	10	
2221101010101123	2211101010201123	2	10	2211101010111123	2	10	
222110101010223	221110101020223	2	10	222100101010233	1	2	
2221101010120203	222100101012033	1	20	2211101010202023	2	1	
2221101010120113	222100101011133	1	20	2211101010201123	2	1	
222110101012023	22210010101233	1	20	221110101020223	2	1	
2221101010111113	2211101012011113	2	10	2211101010111123	2	1	
222110101011123	221110101201123	2	10	221110101011223	2	1	
22211010101223	22111010120223	2	10	22111010102223	2	1	
222110101120203	22210010112033	1	20	221110101202023	2	1	
222110101120113	22210010111133	1	20	221110101201123	2	1	
22211010112023	2221001011233	1	20	22111010120223	2	1	
222110101111113	221110112011113	2	10	221110101111123	2	1	
22211010111123	22111011201123	2	10	22111010111223	2	1	
2221101011223	2211101120223	2	10	2211101012223	2	1	
22211011120203	2221001112033	1	20	22111011202023	2	1	
22211011120113	2221001111133	1	20	22111011201123	2	1	
2221101112023	222100111233	1	20	2211101120223	2	1	
22211011111113	2221001111133	1	11	22111011111123	2	1	
2221101111123	222100111233	1	11	2211101111223	2	1	
222110111223	2211101111223	2	1	221110112223	2	1	
221111101020202020	22111010102020203	1	20	211111102020202011	2	10	
221111101020202011	22111010102020113	1	20	211111102020201111	2	10	
22111110102020202	2211101010202023	1	20	21111110202020112	2	10	
221111101020201111	22111010102011113	1	20	211111102020111111	2	10	
22111110102020112	2211101010201123	1	20	21111110202011112	2	10	
2211111010202022	221110101020223	1	20	2211101010202023	1	2	
221111101020111111	22111010101111113	1	20	211111102011111111	2	10	
22111110102011112	2211101010111123	1	20	21111110201111112	2	10	
2211111010201122	221110101011223	1	20	2211101010201123	1	2	
221111101020222	22111010102223	1	20	221110101020223	1	2	
221111101011111111	211111102011111111	2	10	211111101111111111	2	10	
22111110101111112	21111110201111112	2	10	21111110111111112	2	10	
2211111010111122	2111111020111122	2	10	2211101010111123	1	2	
221111101011222	211111102011222	2	10	221110101011223	1	2	
22111110102222	21111110202222	2	10	22111010102223	1	2	
22111110120202020	2211101012020203	1	20	21111110202020202	2	1	
22111110120202011	2211101012020113	1	20	21111110202020112	2	1	
2211111012020202	221110101202023	1	20	2111111020202022	2	1	
22111110120201111	2211101012011113	1	20	21111110202011112	2	1	
2211111012020112	221110101201123	1	20	2111111020201122	2	1	
221111101202022	22111010120223	1	20	211111102020222	2	1	
22111110120111111	2211101011111113	1	20	21111110201111112	2	1	
2211111012011112	221110101111123	1	20	2111111020111122	2	1	
221111101201122	22111010111223	1	20	211111102011222	2	1	
22111110120222	2211101012223	1	20	21111110202222	2	1	
22111110111111111	21111112011111111	2	10	21111110111111112	2	1	
2211111011111112	2111111201111112	2	10	2111111011111122	2	1	
221111101111122	211111120111122	2	10	211111101111222	2	1	
22111110111222	21111112011222	2	10	21111110112222	2	1	
2211111012222	2111111202222	2	10	2111111022222	2	1	
2211111120202020	221110112020203	1	20	2111111202020202	2	1	
2211111120202011	221110112020113	1	20	2111111202020112	2	1	
221111112020202	22111011202023	1	20	211111120202022	2	1	
2211111120201111	221110112011113	1	20	2111111202011112	2	1	
221111112020112	22111011201123	1	20	211111120201122	2	1	
22111111202022	2211101120223	1	20	21111112020222	2	1	
2211111120111111	221110111111113	1	20	2111111201111112	2	1	
221111112011112	22111011111123	1	20	211111120111122	2	1	
22111111201122	2211101111223	1	20	21111112011222	2	1	
2211111120222	221110112223	1	20	2111111202222	2	1	
2211111111111111	221110111111113	1	11	2111111111111112	2	1	
221111111111112	22111011111123	1	11	211111111111122	2	1	
22111111111122	2211101111223	1	11	21111111111222	2	1	
2211111111222	221110112223	1	11	2111111112222	2	1	
221111112222	2111111112222	2	1	211111122222	2	1	
333000000333	3320000010333	3	0	332000001333	3	0	
33210000102033	3320000010333	1	20	32210001012033	3	0	
33210000101133	33110000201133	2	10	32210001011133	3	0	
3321000010233	3311000020233	2	10	3221000101233	3	0	
3321000012033	332000001333	1	20	3221000112033	3	0	
3321000011133	332000001333	1	11	3221000111133	3	0	
332100001233	3221000101233	3	0	322100011233	3	0	
331110002020203	33110000202033	1	20	321110012020203	3	0	
331110002020113	33110000201133	1	20	321110012020113	3	0	
33111000202023	3311000020233	1	20	32111001202023	3	0	
331110002011113	33110000111133	1	20	321110012011113	3	0	
33111000201123	3311000011233	1	20	32111001201123	3	0	
3311100020223	331100002233	1	20	3211100120223	3	0	
331110001111113	33110000111133	1	11	321110011111113	3	0	
33111000111123	3311000011233	1	11	32111001111123	3	0	
3311100011223	331100002233	1	11	3211100111223	3	0	
331110002223	3211100102223	3	0	321110012223	3	0	
322200010101033	322100010102033	2	10	222200101010133	3	0	
32220001010133	32210001012033	2	10	22220010101133	3	0	
3222000101133	3221000112033	2	10	2222001011133	3	0	
322200011133	2222001011133	3	0	222200111133	3	0	
3221100101020203	322100010102033	1	20	2221101010120203	3	0	
3221100101020113	322100010101133	1	20	2221101010120113	3	0	
322110010102023	32210001010233	1	20	222110101012023	3	0	
3221100101011113	3211100102011113	2	10	2221101010111113	3	0	
322110010101123	321110010201123	2	10	222110101011123	3	0	
32211001010223	32111001020223	2	10	22211010101223	3	0	
322110010120203	32210001012033	1	20	222110101120203	3	0	
322110010120113	32210001011133	1	20	222110101120113	3	0	
32211001012023	3221000101233	1	20	22211010112023	3	0	
322110010111113	321110012011113	2	10	222110101111113	3	0	
32211001011123	32111001201123	2	10	22211010111123	3	0	
3221100101223	3211100120223	2	10	2221101011223	3	0	
32211001120203	3221000112033	1	20	22211011120203	3	0	
32211001120113	3221000111133	1	20	22211011120113	3	0	
3221100112023	322100011233	1	20	2221101112023	3	0	
32211001111113	3221000111133	1	11	22211011111113	3	0	
3221100111123	322100011233	1	11	2221101111123	3	0	
322110011223	3211100111223	2	1	222110111223	3	0	
32111101020202020	3211100102020203	1	20	22111110120202020	3	0	
32111101020202011	3211100102020113	1	20	22111110120202011	3	0	
3211110102020202	321110010202023	1	20	2211111012020202	3	0	
32111101020201111	3211100102011113	1	20	22111110120201111	3	0	
3211110102020112	321110010201123	1	20	2211111012020112	3	0	
321111010202022	32111001020223	1	20	221111101202022	3	0	
32111101020111111	3211100101111113	1	20	22111110120111111	3	0	
3211110102011112	321110010111123	1	20	2211111012011112	3	0	
321111010201122	32111001011223	1	20	221111101201122	3	0	
32111101020222	3211100102223	1	20	22111110120222	3	0	
32111101011111111	31111102011111111	2	10	22111110111111111	3	0	
3211110101111112	3111110201111112	2	10	2211111011111112	3	0	
321111010111122	311111020111122	2	10	221111101111122	3	0	
32111101011222	31111102011222	2	10	22111110111222	3	0	
3211110102222	3111110202222	2	10	2211111012222	3	0	
3211110120202020	321110012020203	1	20	2211111120202020	3	0	
3211110120202011	321110012020113	1	20	2211111120202011	3	0	
321111012020202	32111001202023	1	20	221111112020202	3	0	
3211110120201111	321110012011113	1	20	2211111120201111	3	0	
321111012020112	32111001201123	1	20	221111112020112	3	0	
32111101202022	3211100120223	1	20	22111111202022	3	0	
3211110120111111	321110011111113	1	20	2211111120111111	3	0	
321111012011112	32111001111123	1	20	221111112011112	3	0	
32111101201122	3211100111223	1	20	22111111201122	3	0	
3211110120222	321110012223	1	20	2211111120222	3	0	
3211110111111111	321110011111113	1	11	2211111111111111	3	0	
321111011111112	32111001111123	1	11	221111111111112	3	0	
32111101111122	3211100111223	1	11	22111111111122	3	0	
3211110111222	321110012223	1	11	2211111111222	3	0	
321111012222	3111110112222	2	1	221111112222	3	0	
22221010101010203	2222001010101033	1	20	22211010101020113	2	10	
22221010101010113	22211010101020113	2	10	22211010101011113	2	10	
2222101010101023	2221101010102023	2	10	2221101010101123	2	10	
2222101010101203	222200101010133	1	20	2221101010102023	2	1	
2222101010101113	2221101010120113	2	10	2221101010101123	2	1	
222210101010123	222110101012023	2	10	222110101010223	2	1	
222210101011203	22220010101133	1	20	222110101012023	2	1	
222210101011113	222110101120113	2	10	222110101011123	2	1	
22221010101123	22211010112023	2	10	22211010101223	2	1	
22221010111203	2222001011133	1	20	22211010112023	2	1	
22221010111113	22211011120113	2	10	22211010111123	2	1	
2222101011123	2221101112023	2	10	2221101011223	2	1	
2222101111203	222200111133	1	20	2221101112023	2	1	
2222101111113	222200111133	1	11	2221101111123	2	1	
222210111123	2221101111123	2	1	222110111223	2	1	
222111101010202020	22211010101020203	1	20	221111101020202011	2	10	
222111101010202011	22211010101020113	1	20	221111101020201111	2	10	
22211110101020202	2221101010102023	1	20	22111110102020112	2	10	
222111101010201111	22211010101011113	1	20	221111101020111111	2	10	
22211110101020112	2221101010101123	1	20	22111110102011112	2	10	
2221111010102022	222110101010223	1	20	2221101010102023	1	2	
222111101010111111	221111101020111111	2	10	221111101011111111	2	10	
22211110101011112	22111110102011112	2	10	22111110101111112	2	10	
2221111010101122	2211111010201122	2	10	2221101010101123	1	2	
222111101010222	221111101020222	2	10	222110101010223	1	2	
22211110101202020	2221101010120203	1	20	22111110102020202	2	1	
22211110101202011	2221101010120113	1	20	22111110102020112	2	1	
2221111010120202	222110101012023	1	20	2211111010202022	2	1	
22211110101201111	2221101010111113	1	20	22111110102011112	2	1	
2221111010120112	222110101011123	1	20	2211111010201122	2	1	
222111101012022	22211010101223	1	20	221111101020222	2	1	
22211110101111111	22111110120111111	2	10	22111110101111112	2	1	
2221111010111112	2211111012011112	2	10	2211111010111122	2	1	
222111101011122	221111101201122	2	10	221111101011222	2	1	
22211110101222	22111110120222	2	10	22111110102222	2	1	
2221111011202020	222110101120203	1	20	2211111012020202	2	1	
2221111011202011	222110101120113	1	20	2211111012020112	2	1	
222111101120202	22211010112023	1	20	221111101202022	2	1	
2221111011201111	222110101111113	1	20	2211111012011112	2	1	
222111101120112	22211010111123	1	20	221111101201122	2	1	
22211110112022	2221101011223	1	20	22111110120222	2	1	
2221111011111111	2211111120111111	2	10	2211111011111112	2	1	
222111101111112	221111112011112	2	10	221111101111122	2	1	
22211110111122	22111111201122	2	10	22111110111222	2	1	
2221111011222	2211111120222	2	10	2211111012222	2	1	
222111111202020	22211011120203	1	20	221111112020202	2	1	
222111111202011	22211011120113	1	20	221111112020112	2	1	
22211111120202	2221101112023	1	20	22111111202022	2	1	
222111111201111	22211011111113	1	20	221111112011112	2	1	
22211111120112	2221101111123	1	20	22111111201122	2	1	
2221111112022	222110111223	1	20	2211111120222	2	1	
222111111111111	22211011111113	1	11	221111111111112	2	1	
22211111111112	2221101111123	1	11	22111111111122	2	1	
2221111111122	222110111223	1	11	2211111111222	2	1	
222111111222	2211111111222	2	1	221111112222	2	1	
3331000002033	333000000333	1	20	3321000012033	3	0	
3331000001133	333000000333	1	11	3321000011133	3	0	
333100000233	3321000010233	3	0	332100001233	3	0	
33220000101033	33210000102033	2	10	32220001010133	3	0	
3322000010133	3321000012033	2	10	3222000101133	3	0	
332200001133	3222000101133	3	0	322200011133	3	0	
332110001020203	33210000102033	1	20	322110010120203	3	0	
332110001020113	33210000101133	1	20	322110010120113	3	0	
33211000102023	3321000010233	1	20	32211001012023	3	0	
332110001011113	331110002011113	2	10	322110010111113	3	0	
33211000101123	33111000201123	2	10	32211001011123	3	0	
3321100010223	3311100020223	2	10	3221100101223	3	0	
33211000120203	3321000012033	1	20	32211001120203	3	0	
33211000120113	3321000011133	1	20	32211001120113	3	0	
3321100012023	332100001233	1	20	3221100112023	3	0	
33211000111113	3321000011133	1	11	32211001111113	3	0	
3321100011123	332100001233	1	11	3221100111123	3	0	
332110001223	3221100101223	3	0	322110011223	3	0	
3311110020202020	331110002020203	1	20	3211110120202020	3	0	
3311110020202011	331110002020113	1	20	3211110120202011	3	0	
331111002020202	33111000202023	1	20	321111012020202	3	0	
3311110020201111	331110002011113	1	20	3211110120201111	3	0	
331111002020112	33111000201123	1	20	321111012020112	3	0	
33111100202022	3311100020223	1	20	32111101202022	3	0	
3311110020111111	331110001111113	1	20	3211110120111111	3	0	
331111002011112	33111000111123	1	20	321111012011112	3	0	
33111100201122	3311100011223	1	20	32111101201122	3	0	
3311110020222	331110002223	1	20	3211110120222	3	0	
3311110011111111	331110001111113	1	11	3211110111111111	3	0	
331111001111112	33111000111123	1	11	321111011111112	3	0	
33111100111122	3311100011223	1	11	32111101111122	3	0	
3311110011222	331110002223	1	11	3211110111222	3	0	
331111002222	3211110102222	3	0	321111012222	3	0	
3222100101010203	322200010101033	1	20	2222101010101203	3	0	
3222100101010113	3221100101020113	2	10	2222101010101113	3	0	
322210010101023	322110010102023	2	10	222210101010123	3	0	
322210010101203	32220001010133	1	20	222210101011203	3	0	
322210010101113	322110010120113	2	10	222210101011113	3	0	
32221001010123	32211001012023	2	10	22221010101123	3	0	
32221001011203	3222000101133	1	20	22221010111203	3	0	
32221001011113	32211001120113	2	10	22221010111113	3	0	
3222100101123	3221100112023	2	10	2222101011123	3	0	
3222100111203	322200011133	1	20	2222101111203	3	0	
3222100111113	322200011133	1	11	2222101111113	3	0	
322210011123	2222101011123	3	0	222210111123	3	0	
32211101010202020	3221100101020203	1	20	22211110101202020	3	0	
32211101010202011	3221100101020113	1	20	22211110101202011	3	0	
3221110101020202	322110010102023	1	20	2221111010120202	3	0	
32211101010201111	3221100101011113	1	20	22211110101201111	3	0	
3221110101020112	322110010101123	1	20	2221111010120112	3	0	
322111010102022	32211001010223	1	20	222111101012022	3	0	
32211101010111111	32111101020111111	2	10	22211110101111111	3	0	
3221110101011112	3211110102011112	2	10	2221111010111112	3	0	
322111010101122	321111010201122	2	10	222111101011122	3	0	
32211101010222	32111101020222	2	10	22211110101222	3	0	
3221110101202020	322110010120203	1	20	2221111011202020	3	0	
3221110101202011	322110010120113	1	20	2221111011202011	3	0	
322111010120202	32211001012023	1	20	222111101120202	3	0	
3221110101201111	322110010111113	1	20	2221111011201111	3	0	
322111010120112	32211001011123	1	20	222111101120112	3	0	
32211101012022	3221100101223	1	20	22211110112022	3	0	
3221110101111111	3211110120111111	2	10	2221111011111111	3	0	
322111010111112	321111012011112	2	10	222111101111112	3	0	
32211101011122	32111101201122	2	10	22211110111122	3	0	
3221110101222	3211110120222	2	10	2221111011222	3	0	
322111011202020	32211001120203	1	20	222111111202020	3	0	
322111011202011	32211001120113	1	20	222111111202011	3	0	
32211101120202	3221100112023	1	20	22211111120202	3	0	
322111011201111	32211001111113	1	20	222111111201111	3	0	
32211101120112	3221100111123	1	20	22211111120112	3	0	
3221110112022	322110011223	1	20	2221111112022	3	0	
322111011111111	32211001111113	1	11	222111111111111	3	0	
32211101111112	3221100111123	1	11	22211111111112	3	0	
3221110111122	322110011223	1	11	2221111111122	3	0	
322111011222	3211110111222	2	1	222111111222	3	0	
22222010101010103	22221010101010203	2	10	22221010101010113	2	10	
2222201010101013	2222101010101203	2	10	2222101010101023	2	1	
222220101010113	222210101011203	2	10	222210101010123	2	1	
22222010101113	22221010111203	2	10	22221010101123	2	1	
2222201011113	2222101111203	2	10	2222101011123	2	1	
222220111113	2222101111113	2	1	222210111123	2	1	
222211101010102020	22221010101010203	1	20	222111101010202011	2	10	
222211101010102011	22221010101010113	1	20	222111101010201111	2	10	
22221110101010202	2222101010101023	1	20	22211110101020112	2	10	
222211101010101111	222111101010201111	2	10	222111101010111111	2	10	
22221110101010112	22211110101020112	2	10	22211110101011112	2	10	
2222111010101022	2221111010102022	2	10	2222101010101023	1	2	
22221110101012020	2222101010101203	1	20	22211110101020202	2	1	
22221110101012011	2222101010101113	1	20	22211110101020112	2	1	
2222111010101202	222210101010123	1	20	2221111010102022	2	1	
22221110101011111	22211110101201111	2	10	22211110101011112	2	1	
2222111010101112	2221111010120112	2	10	2221111010101122	2	1	
222211101010122	222111101012022	2	10	222111101010222	2	1	
2222111010112020	222210101011203	1	20	2221111010120202	2	1	
2222111010112011	222210101011113	1	20	2221111010120112	2	1	
222211101011202	22221010101123	1	20	222111101012022	2	1	
2222111010111111	2221111011201111	2	10	2221111010111112	2	1	
222211101011112	222111101120112	2	10	222111101011122	2	1	
22221110101122	22211110112022	2	10	22211110101222	2	1	
222211101112020	22221010111203	1	20	222111101120202	2	1	
222211101112011	22221010111113	1	20	222111101120112	2	1	
22221110111202	2222101011123	1	20	22211110112022	2	1	
222211101111111	222111111201111	2	10	222111101111112	2	1	
22221110111112	22211111120112	2	10	22211110111122	2	1	
2222111011122	2221111112022	2	10	2221111011222	2	1	
22221111112020	2222101111203	1	20	22211111120202	2	1	
22221111112011	2222101111113	1	20	22211111120112	2	1	
2222111111202	222210111123	1	20	2221111112022	2	1	
22221111111111	2222101111113	1	11	22211111111112	2	1	
2222111111112	222210111123	1	11	2221111111122	2	1	
222211111122	2221111111122	2	1	222111111222	2	1	
3332000001033	3331000002033	2	10	3322000010133	3	0	
333200000133	3322000010133	3	0	332200001133	3	0	
33311000020203	3331000002033	1	20	33211000120203	3	0	
33311000020113	3331000001133	1	20	33211000120113	3	0	
3331100002023	333100000233	1	20	3321100012023	3	0	
33311000011113	3331000001133	1	11	33211000111113	3	0	
3331100001123	333100000233	1	11	3321100011123	3	0	
333110000223	3321100010223	3	0	332110001223	3	0	
332210001010203	33220000101033	1	20	322210010101203	3	0	
332210001010113	332110001020113	2	10	322210010101113	3	0	
33221000101023	33211000102023	2	10	32221001010123	3	0	
33221000101203	3322000010133	1	20	32221001011203	3	0	
33221000101113	33211000120113	2	10	32221001011113	3	0	
3322100010123	3321100012023	2	10	3222100101123	3	0	
3322100011203	332200001133	1	20	3222100111203	3	0	
3322100011113	332200001133	1	11	3222100111113	3	0	
332210001123	3222100101123	3	0	322210011123	3	0	
3321110010202020	332110001020203	1	20	3221110101202020	3	0	
3321110010202011	332110001020113	1	20	3221110101202011	3	0	
332111001020202	33211000102023	1	20	322111010120202	3	0	
3321110010201111	332110001011113	1	20	3221110101201111	3	0	
332111001020112	33211000101123	1	20	322111010120112	3	0	
33211100102022	3321100010223	1	20	32211101012022	3	0	
3321110010111111	3311110020111111	2	10	3221110101111111	3	0	
332111001011112	331111002011112	2	10	322111010111112	3	0	
33211100101122	33111100201122	2	10	32211101011122	3	0	
3321110010222	3311110020222	2	10	3221110101222	3	0	
332111001202020	33211000120203	1	20	322111011202020	3	0	
332111001202011	33211000120113	1	20	322111011202011	3	0	
33211100120202	3321100012023	1	20	32211101120202	3	0	
332111001201111	33211000111113	1	20	322111011201111	3	0	
33211100120112	3321100011123	1	20	32211101120112	3	0	
3321110012022	332110001223	1	20	3221110112022	3	0	
332111001111111	33211000111113	1	11	322111011111111	3	0	
33211100111112	3321100011123	1	11	32211101111112	3	0	
3321110011122	332110001223	1	11	3221110111122	3	0	
332111001222	3221110101222	3	0	322111011222	3	0	
3222200101010103	3222100101010203	2	10	2222201010101013	3	0	
322220010101013	322210010101203	2	10	222220101010113	3	0	
32222001010113	32221001011203	2	10	22222010101113	3	0	
3222200101113	3222100111203	2	10	2222201011113	3	0	
322220011113	2222201011113	3	0	222220111113	3	0	
32221101010102020	3222100101010203	1	20	22221110101012020	3	0	
32221101010102011	3222100101010113	1	20	22221110101012011	3	0	
3222110101010202	322210010101023	1	20	2222111010101202	3	0	
32221101010101111	32211101010201111	2	10	22221110101011111	3	0	
3222110101010112	3221110101020112	2	10	2222111010101112	3	0	
322211010101022	322111010102022	2	10	222211101010122	3	0	
3222110101012020	322210010101203	1	20	2222111010112020	3	0	
3222110101012011	322210010101113	1	20	2222111010112011	3	0	
322211010101202	32221001010123	1	20	222211101011202	3	0	
3222110101011111	3221110101201111	2	10	2222111010111111	3	0	
322211010101112	322111010120112	2	10	222211101011112	3	0	
32221101010122	32211101012022	2	10	22221110101122	3	0	
322211010112020	32221001011203	1	20	222211101112020	3	0	
322211010112011	32221001011113	1	20	222211101112011	3	0	
32221101011202	3222100101123	1	20	22221110111202	3	0	
322211010111111	322111011201111	2	10	222211101111111	3	0	
32221101011112	32211101120112	2	10	22221110111112	3	0	
3222110101122	3221110112022	2	10	2222111011122	3	0	
32221101112020	3222100111203	1	20	22221111112020	3	0	
32221101112011	3222100111113	1	20	22221111112011	3	0	
3222110111202	322210011123	1	20	2222111111202	3	0	
32221101111111	3222100111113	1	11	22221111111111	3	0	
3222110111112	322210011123	1	11	2222111111112	3	0	
322211011122	2222111011122	3	0	222211111122	3	0	
222221101010101020	22222010101010103	1	20	222211101010102011	2	10	
222221101010101011	222211101010102011	2	10	222211101010101111	2	10	
22222110101010102	22221110101010202	2	10	22221110101010112	2	10	
22222110101010120	2222201010101013	1	20	22221110101010202	2	1	
22222110101010111	22221110101012011	2	10	22221110101010112	2	1	
2222211010101012	2222111010101202	2	10	2222111010101022	2	1	
2222211010101120	222220101010113	1	20	2222111010101202	2	1	
2222211010101111	2222111010112011	2	10	2222111010101112	2	1	
222221101010112	222211101011202	2	10	222211101010122	2	1	
222221101011120	22222010101113	1	20	222211101011202	2	1	
222221101011111	222211101112011	2	10	222211101011112	2	1	
22222110101112	22221110111202	2	10	22221110101122	2	1	
22222110111120	2222201011113	1	20	22221110111202	2	1	
22222110111111	22221111112011	2	10	22221110111112	2	1	
2222211011112	2222111111202	2	10	2222111011122	2	1	
2222211111120	222220111113	1	20	2222111111202	2	1	
2222211111111	222220111113	1	11	2222111111112	2	1	
222221111112	2222111111112	2	1	222211111122	2	1	
333300000033	3332000001033	3	0	333200000133	3	0	
33321000010203	3332000001033	1	20	33221000101203	3	0	
33321000010113	33311000020113	2	10	33221000101113	3	0	
3332100001023	3331100002023	2	10	3322100010123	3	0	
3332100001203	333200000133	1	20	3322100011203	3	0	
3332100001113	333200000133	1	11	3322100011113	3	0	
333210000123	3322100010123	3	0	332210001123	3	0	
333111000202020	33311000020203	1	20	332111001202020	3	0	
333111000202011	33311000020113	1	20	332111001202011	3	0	
33311100020202	3331100002023	1	20	33211100120202	3	0	
333111000201111	33311000011113	1	20	332111001201111	3	0	
33311100020112	3331100001123	1	20	33211100120112	3	0	
3331110002022	333110000223	1	20	3321110012022	3	0	
333111000111111	33311000011113	1	11	332111001111111	3	0	
33311100011112	3331100001123	1	11	33211100111112	3	0	
3331110001122	333110000223	1	11	3321110011122	3	0	
333111000222	3321110010222	3	0	332111001222	3	0	
332220001010103	332210001010203	2	10	322220010101013	3	0	
33222000101013	33221000101203	2	10	32222001010113	3	0	
3322200010113	3322100011203	2	10	3222200101113	3	0	
332220001113	3222200101113	3	0	322220011113	3	0	
3322110010102020	332210001010203	1	20	3222110101012020	3	0	
3322110010102011	332210001010113	1	20	3222110101012011	3	0	
332211001010202	33221000101023	1	20	322211010101202	3	0	
3322110010101111	3321110010201111	2	10	3222110101011111	3	0	
332211001010112	332111001020112	2	10	322211010101112	3	0	
33221100101022	33211100102022	2	10	32221101010122	3	0	
332211001012020	33221000101203	1	20	322211010112020	3	0	
332211001012011	33221000101113	1	20	322211010112011	3	0	
33221100101202	3322100010123	1	20	32221101011202	3	0	
332211001011111	332111001201111	2	10	322211010111111	3	0	
33221100101112	33211100120112	2	10	32221101011112	3	0	
3322110010122	3321110012022	2	10	3222110101122	3	0	
33221100112020	3322100011203	1	20	32221101112020	3	0	
33221100112011	3322100011113	1	20	32221101112011	3	0	
3322110011202	332210001123	1	20	3222110111202	3	0	
33221100111111	3322100011113	1	11	32221101111111	3	0	
3322110011112	332210001123	1	11	3222110111112	3	0	
332211001122	3222110101122	3	0	322211011122	3	0	
32222101010101020	3222200101010103	1	20	22222110101010120	3	0	
32222101010101011	32221101010102011	2	10	22222110101010111	3	0	
3222210101010102	3222110101010202	2	10	2222211010101012	3	0	
3222210101010120	322220010101013	1	20	2222211010101120	3	0	
3222210101010111	3222110101012011	2	10	2222211010101111	3	0	
322221010101012	322211010101202	2	10	222221101010112	3	0	
322221010101120	32222001010113	1	20	222221101011120	3	0	
322221010101111	322211010112011	2	10	222221101011111	3	0	
32222101010112	32221101011202	2	10	22222110101112	3	0	
32222101011120	3222200101113	1	20	22222110111120	3	0	
32222101011111	32221101112011	2	10	22222110111111	3	0	
3222210101112	3222110111202	2	10	2222211011112	3	0	
3222210111120	322220011113	1	20	2222211111120	3	0	
3222210111111	322220011113	1	11	2222211111111	3	0	
322221011112	2222211011112	3	0	222221111112	3	0	
222222101010101010	222221101010101020	2	10	222221101010101011	2	10	
22222210101010101	22222110101010120	2	10	22222110101010102	2	1	
2222221010101011	2222211010101120	2	10	2222211010101012	2	1	
222222101010111	222221101011120	2	10	222221101010112	2	1	
22222210101111	22222110111120	2	10	22222110101112	2	1	
2222221011111	2222211111120	2	10	2222211011112	2	1	
222222111111	2222211111111	2	1	222221111112	2	1	
3333100000203	333300000033	1	20	3332100001203	3	0	
3333100000113	333300000033	1	11	3332100001113	3	0	
333310000023	3332100001023	3	0	333210000123	3	0	
33322000010103	33321000010203	2	10	33222000101013	3	0	
3332200001013	3332100001203	2	10	3322200010113	3	0	
333220000113	3322200010113	3	0	332220001113	3	0	
333211000102020	33321000010203	1	20	332211001012020	3	0	
333211000102011	33321000010113	1	20	332211001012011	3	0	
33321100010202	3332100001023	1	20	33221100101202	3	0	
333211000101111	333111000201111	2	10	332211001011111	3	0	
33321100010112	33311100020112	2	10	33221100101112	3	0	
3332110001022	3331110002022	2	10	3322110010122	3	0	
33321100012020	3332100001203	1	20	33221100112020	3	0	
33321100012011	3332100001113	1	20	33221100112011	3	0	
3332110001202	333210000123	1	20	3322110011202	3	0	
33321100011111	3332100001113	1	11	33221100111111	3	0	
3332110001112	333210000123	1	11	3322110011112	3	0	
333211000122	3322110010122	3	0	332211001122	3	0	
3322210010101020	332220001010103	1	20	3222210101010120	3	0	
3322210010101011	3322110010102011	2	10	3222210101010111	3	0	
332221001010102	332211001010202	2	10	322221010101012	3	0	
332221001010120	33222000101013	1	20	322221010101120	3	0	
332221001010111	332211001012011	2	10	322221010101111	3	0	
33222100101012	33221100101202	2	10	32222101010112	3	0	
33222100101120	3322200010113	1	20	32222101011120	3	0	
33222100101111	33221100112011	2	10	32222101011111	3	0	
3322210010112	3322110011202	2	10	3222210101112	3	0	
3322210011120	332220001113	1	20	3222210111120	3	0	
3322210011111	332220001113	1	11	3222210111111	3	0	
332221001112	3222210101112	3	0	322221011112	3	0	
32222201010101010	32222101010101020	2	10	22222210101010101	3	0	
3222220101010101	3222210101010120	2	10	2222221010101011	3	0	
322222010101011	322221010101120	2	10	222222101010111	3	0	
32222201010111	32222101011120	2	10	22222210101111	3	0	
3222220101111	3222210111120	2	10	2222221011111	3	0	
322222011111	2222221011111	3	0	322221011112	2	1	
3333200000103	3333100000203	2	10	3332200001013	3	0	
333320000013	3332200001013	3	0	333220000113	3	0	
33331100002020	3333100000203	1	20	33321100012020	3	0	
33331100002011	3333100000113	1	20	33321100012011	3	0	
3333110000202	333310000023	1	20	3332110001202	3	0	
33331100001111	3333100000113	1	11	33321100011111	3	0	
3333110000112	333310000023	1	11	3332110001112	3	0	
333311000022	3332110001022	3	0	333211000122	3	0	
333221000101020	33322000010103	1	20	332221001010120	3	0	
333221000101011	333211000102011	2	10	332221001010111	3	0	
33322100010102	33321100010202	2	10	33222100101012	3	0	
33322100010120	3332200001013	1	20	33222100101120	3	0	
33322100010111	33321100012011	2	10	33222100101111	3	0	
3332210001012	3332110001202	2	10	3322210010112	3	0	
3332210001120	333220000113	1	20	3322210011120	3	0	
3332210001111	333220000113	1	11	3322210011111	3	0	
333221000112	3322210010112	3	0	332221001112	3	0	
3322220010101010	3322210010101020	2	10	3222220101010101	3	0	
332222001010101	332221001010120	2	10	322222010101011	3	0	
33222200101011	33222100101120	2	10	32222201010111	3	0	
3322220010111	3322210011120	2	10	3222220101111	3	0	
332222001111	3222220101111	3	0	322222011111	3	0	
333330000003	3333200000103	3	0	333320000013	3	0	
33332100001020	3333200000103	1	20	33322100010120	3	0	
33332100001011	33331100002011	2	10	33322100010111	3	0	
3333210000102	3333110000202	2	10	3332210001012	3	0	
3333210000120	333320000013	1	20	3332210001120	3	0	
3333210000111	333320000013	1	11	3332210001111	3	0	
333321000012	3332210001012	3	0	333221000112	3	0	
333222000101010	333221000101020	2	10	332222001010101	3	0	
33322200010101	33322100010120	2	10	33222200101011	3	0	
3332220001011	3332210001120	2	10	3322220010111	3	0	
333222000111	3322220010111	3	0	332222001111	3	0	
3333310000020	333330000003	1	20	3333210000120	3	0	
3333310000011	33332100001011	3	0	3333210000111	3	0	
333331000002	3333210000102	3	0	333321000012	3	0	
33332200001010	33332100001020	2	10	33322200010101	3	0	
3333220000101	3333210000120	2	10	3332220001011	3	0	
333322000011	3332220001011	3	0	333222000111	3	0	
3333320000010	3333310000020	2	10	3333220000101	3	0	
333332000001	3333220000101	3	0	333322000011	3	0	
333333000000	3333320000010	3	0	333332000001	3	0	
