100030444	00004444	1	30	00004444	1	30	
100021444	00004444	1	21	00004444	1	21	
100012444	00004444	1	12	00004444	1	12	
10003444	00004444	1	3	00004444	1	3	
200020444	100030444	2	20	100021444	2	20	
200011444	100021444	2	11	100012444	2	11	
20002444	100012444	2	2	10003444	2	2	
1100303044	100030444	1	30	100030444	1	30	
1100302144	100021444	1	30	100021444	1	30	
1100301244	100012444	1	30	100012444	1	30	
110030344	10003444	1	30	100030444	1	3	
1100212144	100021444	1	21	100021444	1	21	
1100211244	100012444	1	21	100012444	1	21	
110021344	10003444	1	21	100021444	1	3	
1100121244	100012444	1	12	100012444	1	12	
110012344	10003444	1	12	100012444	1	3	
11003344	10003444	1	3	10003444	1	3	
300010444	200020444	3	10	200011444	3	10	
30001444	200011444	3	1	20002444	3	1	
2100203044	1100303044	2	20	200020444	1	30	
2100202144	1100302144	2	20	200020444	1	21	
2100201244	1100301244	2	20	200020444	1	12	
210020344	110030344	2	20	200020444	1	3	
2100113044	1100302144	2	11	200011444	1	30	
2100112144	1100212144	2	11	200011444	1	21	
2100111244	1100211244	2	11	200011444	1	12	
210011344	110021344	2	11	200011444	1	3	
210023044	20002444	1	30	110030344	2	2	
210022144	20002444	1	21	110021344	2	2	
210021244	20002444	1	12	110012344	2	2	
21002344	20002444	1	3	11003344	2	2	
11103030304	1100303044	1	30	1100303044	1	30	
11103030214	1100302144	1	30	1100302144	1	30	
11103030124	1100301244	1	30	1100301244	1	30	
1110303034	110030344	1	30	1100303044	1	3	
11103021214	1100212144	1	30	1100212144	1	30	
11103021124	1100211244	1	30	1100211244	1	30	
1110302134	110021344	1	30	1100302144	1	3	
11103012124	1100121244	1	30	1100121244	1	30	
1110301234	110012344	1	30	1100301244	1	3	
111030334	11003344	1	30	110030344	1	3	
11102121214	1100212144	1	21	1100212144	1	21	
11102121124	1100211244	1	21	1100211244	1	21	
1110212134	110021344	1	21	1100212144	1	3	
11102112124	1100121244	1	21	1100121244	1	21	
1110211234	110012344	1	21	1100211244	1	3	
111021334	11003344	1	21	110021344	1	3	
11101212124	1100121244	1	12	1100121244	1	12	
1110121234	110012344	1	12	1100121244	1	3	
111012334	11003344	1	12	110012344	1	3	
11103334	11003344	1	3	11003344	1	3	
40000444	300010444	4	0	30001444	4	0	
3100103044	2100203044	3	10	300010444	1	30	
3100102144	2100202144	3	10	300010444	1	21	
3100101244	2100201244	3	10	300010444	1	12	
310010344	210020344	3	10	300010444	1	3	
310013044	30001444	1	30	210023044	3	1	
310012144	30001444	1	21	210022144	3	1	
310011244	30001444	1	12	210021244	3	1	
31001344	30001444	1	3	21002344	3	1	
2200202044	2100203044	2	20	2100202144	2	20	
2200201144	2100113044	2	20	2100201244	2	11	
220020244	210023044	2	20	210020344	2	2	
2200111144	2100112144	2	11	2100111244	2	11	
220011244	210022144	2	11	210011344	2	2	
22002244	210021244	2	2	21002344	2	2	
21102030304	11103030304	2	20	2100203044	1	30	
21102030214	11103030214	2	20	2100202144	1	30	
21102030124	11103030124	2	20	2100201244	1	30	
2110203034	1110303034	2	20	2100203044	1	3	
21102021214	11103021214	2	20	2100202144	1	21	
21102021124	11103021124	2	20	2100201244	1	21	
2110202134	1110302134	2	20	2100202144	1	3	
21102012124	11103012124	2	20	2100201244	1	12	
2110201234	1110301234	2	20	2100201244	1	3	
211020334	111030334	2	20	210020344	1	3	
21101130304	11103030214	2	11	2100113044	1	30	
21101130214	11103021214	2	11	2100112144	1	30	
21101130124	11103021124	2	11	2100111244	1	30	
2110113034	1110302134	2	11	2100113044	1	3	
21101121214	11102121214	2	11	2100112144	1	21	
21101121124	11102121124	2	11	2100111244	1	21	
2110112134	1110212134	2	11	2100112144	1	3	
21101112124	11102112124	2	11	2100111244	1	12	
2110111234	1110211234	2	11	2100111244	1	3	
211011334	111021334	2	11	210011344	1	3	
2110230304	210023044	1	30	1110303034	2	2	
2110230214	210022144	1	30	1110302134	2	2	
2110230124	210021244	1	30	1110301234	2	2	
211023034	21002344	1	30	111030334	2	2	
2110221214	210022144	1	21	1110212134	2	2	
2110221124	210021244	1	21	1110211234	2	2	
211022134	21002344	1	21	111021334	2	2	
2110212124	210021244	1	12	1110121234	2	2	
211021234	21002344	1	12	111012334	2	2	
21102334	21002344	1	3	11103334	2	2	
111130303030	11103030304	1	30	11103030304	1	30	
111130303021	11103030214	1	30	11103030214	1	30	
111130303012	11103030124	1	30	11103030124	1	30	
11113030303	1110303034	1	30	11103030304	1	3	
111130302121	11103021214	1	30	11103021214	1	30	
111130302112	11103021124	1	30	11103021124	1	30	
11113030213	1110302134	1	30	11103030214	1	3	
111130301212	11103012124	1	30	11103012124	1	30	
11113030123	1110301234	1	30	11103030124	1	3	
1111303033	111030334	1	30	1110303034	1	3	
111130212121	11102121214	1	30	11102121214	1	30	
111130212112	11102121124	1	30	11102121124	1	30	
11113021213	1110212134	1	30	11103021214	1	3	
111130211212	11102112124	1	30	11102112124	1	30	
11113021123	1110211234	1	30	11103021124	1	3	
1111302133	111021334	1	30	1110302134	1	3	
111130121212	11101212124	1	30	11101212124	1	30	
11113012123	1110121234	1	30	11103012124	1	3	
1111301233	111012334	1	30	1110301234	1	3	
111130333	11103334	1	30	111030334	1	3	
111121212121	11102121214	1	21	11102121214	1	21	
111121212112	11102121124	1	21	11102121124	1	21	
11112121213	1110212134	1	21	11102121214	1	3	
111121211212	11102112124	1	21	11102112124	1	21	
11112121123	1110211234	1	21	11102121124	1	3	
1111212133	111021334	1	21	1110212134	1	3	
111121121212	11101212124	1	21	11101212124	1	21	
11112112123	1110121234	1	21	11102112124	1	3	
1111211233	111012334	1	21	1110211234	1	3	
111121333	11103334	1	21	111021334	1	3	
111112121212	11101212124	1	12	11101212124	1	12	
11111212123	1110121234	1	12	11101212124	1	3	
1111121233	111012334	1	12	1110121234	1	3	
111112333	11103334	1	12	111012334	1	3	
11113333	11103334	1	3	11103334	1	3	
410003044	40000444	1	30	310013044	4	0	
410002144	40000444	1	21	310012144	4	0	
410001244	40000444	1	12	310011244	4	0	
41000344	310010344	4	0	31001344	4	0	
3200102044	3100103044	2	20	3100102144	2	20	
3200101144	2200201144	3	10	3100101244	2	11	
320010244	220020244	3	10	310010344	2	2	
320012044	310013044	2	20	220020244	3	1	
320011144	310012144	2	11	220011244	3	1	
32001244	220011244	3	1	22002244	3	1	
31101030304	21102030304	3	10	3100103044	1	30	
31101030214	21102030214	3	10	3100102144	1	30	
31101030124	21102030124	3	10	3100101244	1	30	
3110103034	2110203034	3	10	3100103044	1	3	
31101021214	21102021214	3	10	3100102144	1	21	
31101021124	21102021124	3	10	3100101244	1	21	
3110102134	2110202134	3	10	3100102144	1	3	
31101012124	21102012124	3	10	3100101244	1	12	
3110101234	2110201234	3	10	3100101244	1	3	
311010334	211020334	3	10	310010344	1	3	
3110130304	310013044	1	30	2110230304	3	1	
3110130214	310012144	1	30	2110230214	3	1	
3110130124	310011244	1	30	2110230124	3	1	
311013034	31001344	1	30	211023034	3	1	
3110121214	310012144	1	21	2110221214	3	1	
3110121124	310011244	1	21	2110221124	3	1	
311012134	31001344	1	21	211022134	3	1	
3110112124	310011244	1	12	2110212124	3	1	
311011234	31001344	1	12	211021234	3	1	
31101334	31001344	1	3	21102334	3	1	
22102020304	21102030304	2	20	2200202044	1	30	
22102020214	21102030214	2	20	2200202044	1	21	
22102020124	21102030124	2	20	2200202044	1	12	
2210202034	2110203034	2	20	2200202044	1	3	
22102011304	21101130304	2	20	2200201144	1	30	
22102011214	21101130214	2	20	2200201144	1	21	
22102011124	21101130124	2	20	2200201144	1	12	
2210201134	2110113034	2	20	2200201144	1	3	
2210202304	2110230304	2	20	2110203034	2	2	
2210202214	2110230214	2	20	2110202134	2	2	
2210202124	2110230124	2	20	2110201234	2	2	
221020234	211023034	2	20	211020334	2	2	
22101111304	21101130214	2	11	2200111144	1	30	
22101111214	21101121214	2	11	2200111144	1	21	
22101111124	21101121124	2	11	2200111144	1	12	
2210111134	2110112134	2	11	2200111144	1	3	
2210112304	2110230214	2	11	2110113034	2	2	
2210112214	2110221214	2	11	2110112134	2	2	
2210112124	2110221124	2	11	2110111234	2	2	
221011234	211022134	2	11	211011334	2	2	
221022304	22002244	1	30	211023034	2	2	
221022214	22002244	1	21	211022134	2	2	
221022124	22002244	1	12	211021234	2	2	
22102234	22002244	1	3	21102334	2	2	
211120303030	111130303030	2	20	21102030304	1	30	
211120303021	111130303021	2	20	21102030214	1	30	
211120303012	111130303012	2	20	21102030124	1	30	
21112030303	11113030303	2	20	21102030304	1	3	
211120302121	111130302121	2	20	21102021214	1	30	
211120302112	111130302112	2	20	21102021124	1	30	
21112030213	11113030213	2	20	21102030214	1	3	
211120301212	111130301212	2	20	21102012124	1	30	
21112030123	11113030123	2	20	21102030124	1	3	
2111203033	1111303033	2	20	2110203034	1	3	
211120212121	111130212121	2	20	21102021214	1	21	
211120212112	111130212112	2	20	21102021124	1	21	
21112021213	11113021213	2	20	21102021214	1	3	
211120211212	111130211212	2	20	21102012124	1	21	
21112021123	11113021123	2	20	21102021124	1	3	
2111202133	1111302133	2	20	2110202134	1	3	
211120121212	111130121212	2	20	21102012124	1	12	
21112012123	11113012123	2	20	21102012124	1	3	
2111201233	1111301233	2	20	2110201234	1	3	
211120333	111130333	2	20	211020334	1	3	
211111303030	111130303021	2	11	21101130304	1	30	
211111303021	111130302121	2	11	21101130214	1	30	
211111303012	111130302112	2	11	21101130124	1	30	
21111130303	11113030213	2	11	21101130304	1	3	
211111302121	111130212121	2	11	21101121214	1	30	
211111302112	111130212112	2	11	21101121124	1	30	
21111130213	11113021213	2	11	21101130214	1	3	
211111301212	111130211212	2	11	21101112124	1	30	
21111130123	11113021123	2	11	21101130124	1	3	
2111113033	1111302133	2	11	2110113034	1	3	
211111212121	111121212121	2	11	21101121214	1	21	
211111212112	111121212112	2	11	21101121124	1	21	
21111121213	11112121213	2	11	21101121214	1	3	
211111211212	111121211212	2	11	21101112124	1	21	
21111121123	11112121123	2	11	21101121124	1	3	
2111112133	1111212133	2	11	2110112134	1	3	
211111121212	111121121212	2	11	21101112124	1	12	
21111112123	11112112123	2	11	21101112124	1	3	
2111111233	1111211233	2	11	2110111234	1	3	
211111333	111121333	2	11	211011334	1	3	
21112303030	2110230304	1	30	11113030303	2	2	
21112303021	2110230214	1	30	11113030213	2	2	
21112303012	2110230124	1	30	11113030123	2	2	
2111230303	211023034	1	30	1111303033	2	2	
21112302121	2110221214	1	30	11113021213	2	2	
21112302112	2110221124	1	30	11113021123	2	2	
2111230213	211022134	1	30	1111302133	2	2	
21112301212	2110212124	1	30	11113012123	2	2	
2111230123	211021234	1	30	1111301233	2	2	
211123033	21102334	1	30	111130333	2	2	
21112212121	2110221214	1	21	11112121213	2	2	
21112212112	2110221124	1	21	11112121123	2	2	
2111221213	211022134	1	21	1111212133	2	2	
21112211212	2110212124	1	21	11112112123	2	2	
2111221123	211021234	1	21	1111211233	2	2	
211122133	21102334	1	21	111121333	2	2	
21112121212	2110212124	1	12	11111212123	2	2	
2111212123	211021234	1	12	1111121233	2	2	
211121233	21102334	1	12	111112333	2	2	
21112333	21102334	1	3	11113333	2	2	
420002044	410003044	2	20	320012044	4	0	
420001144	410002144	2	11	320011144	4	0	
42000244	320010244	4	0	41000344	2	2	
4110030304	410003044	1	30	3110130304	4	0	
4110030214	410002144	1	30	3110130214	4	0	
4110030124	410001244	1	30	3110130124	4	0	
411003034	41000344	1	30	311013034	4	0	
4110021214	410002144	1	21	3110121214	4	0	
4110021124	410001244	1	21	3110121124	4	0	
411002134	41000344	1	21	311012134	4	0	
4110012124	410001244	1	12	3110112124	4	0	
411001234	41000344	1	12	311011234	4	0	
41100334	311010334	4	0	31101334	4	0	
3300101044	3200102044	3	10	3200101144	3	10	
330010144	320012044	3	10	320010244	3	1	
33001144	320011144	3	1	32001244	3	1	
32101020304	31101030304	2	20	3200102044	1	30	
32101020214	31101030214	2	20	3200102044	1	21	
32101020124	31101030124	2	20	3200102044	1	12	
3210102034	3110103034	2	20	3200102044	1	3	
32101011304	22102011304	3	10	3200101144	1	30	
32101011214	22102011214	3	10	3200101144	1	21	
32101011124	22102011124	3	10	3200101144	1	12	
3210101134	2210201134	3	10	3200101144	1	3	
3210102304	2210202304	3	10	3110103034	2	2	
3210102214	2210202214	3	10	3110102134	2	2	
3210102124	2210202124	3	10	3110101234	2	2	
321010234	221020234	3	10	311010334	2	2	
3210120304	3110130304	2	20	2210202304	3	1	
3210120214	3110130214	2	20	2210202214	3	1	
3210120124	3110130124	2	20	2210202124	3	1	
321012034	311013034	2	20	221020234	3	1	
3210111304	3110130214	2	11	2210112304	3	1	
3210111214	3110121214	2	11	2210112214	3	1	
3210111124	3110121124	2	11	2210112124	3	1	
321011134	311012134	2	11	221011234	3	1	
321012304	32001244	1	30	221022304	3	1	
321012214	32001244	1	21	221022214	3	1	
321012124	32001244	1	12	221022124	3	1	
32101234	32001244	1	3	22102234	3	1	
311110303030	211120303030	3	10	31101030304	1	30	
311110303021	211120303021	3	10	31101030214	1	30	
311110303012	211120303012	3	10	31101030124	1	30	
31111030303	21112030303	3	10	31101030304	1	3	
311110302121	211120302121	3	10	31101021214	1	30	
311110302112	211120302112	3	10	31101021124	1	30	
31111030213	21112030213	3	10	31101030214	1	3	
311110301212	211120301212	3	10	31101012124	1	30	
31111030123	21112030123	3	10	31101030124	1	3	
3111103033	2111203033	3	10	3110103034	1	3	
311110212121	211120212121	3	10	31101021214	1	21	
311110212112	211120212112	3	10	31101021124	1	21	
31111021213	21112021213	3	10	31101021214	1	3	
311110211212	211120211212	3	10	31101012124	1	21	
31111021123	21112021123	3	10	31101021124	1	3	
3111102133	2111202133	3	10	3110102134	1	3	
311110121212	211120121212	3	10	31101012124	1	12	
31111012123	21112012123	3	10	31101012124	1	3	
3111101233	2111201233	3	10	3110101234	1	3	
311110333	211120333	3	10	311010334	1	3	
31111303030	3110130304	1	30	21112303030	3	1	
31111303021	3110130214	1	30	21112303021	3	1	
31111303012	3110130124	1	30	21112303012	3	1	
3111130303	311013034	1	30	2111230303	3	1	
31111302121	3110121214	1	30	21112302121	3	1	
31111302112	3110121124	1	30	21112302112	3	1	
3111130213	311012134	1	30	2111230213	3	1	
31111301212	3110112124	1	30	21112301212	3	1	
3111130123	311011234	1	30	2111230123	3	1	
311113033	31101334	1	30	211123033	3	1	
31111212121	3110121214	1	21	21112212121	3	1	
31111212112	3110121124	1	21	21112212112	3	1	
3111121213	311012134	1	21	2111221213	3	1	
31111211212	3110112124	1	21	21112211212	3	1	
3111121123	311011234	1	21	2111221123	3	1	
311112133	31101334	1	21	211122133	3	1	
31111121212	3110112124	1	12	21112121212	3	1	
3111112123	311011234	1	12	2111212123	3	1	
311111233	31101334	1	12	211121233	3	1	
31111333	31101334	1	3	21112333	3	1	
22202020204	22102020304	2	20	22102020214	2	20	
22202020114	22102011304	2	20	22102020124	2	11	
2220202024	2210202304	2	20	2210202034	2	2	
22202011114	22101111304	2	20	22102011124	2	11	
2220201124	2210112304	2	20	2210201134	2	2	
222020224	221022304	2	20	221020234	2	2	
22201111114	22101111214	2	11	22101111124	2	11	
2220111124	2210112214	2	11	2210111134	2	2	
222011224	221022214	2	11	221011234	2	2	
22202224	221022124	2	2	22102234	2	2	
221120203030	211120303030	2	20	22102020304	1	30	
221120203021	211120303021	2	20	22102020214	1	30	
221120203012	211120303012	2	20	22102020124	1	30	
22112020303	21112030303	2	20	22102020304	1	3	
221120202121	211120302121	2	20	22102020214	1	21	
221120202112	211120302112	2	20	22102020124	1	21	
22112020213	21112030213	2	20	22102020214	1	3	
221120201212	211120301212	2	20	22102020124	1	12	
22112020123	21112030123	2	20	22102020124	1	3	
2211202033	2111203033	2	20	2210202034	1	3	
221120113030	211111303030	2	20	22102011304	1	30	
221120113021	211111303021	2	20	22102011214	1	30	
221120113012	211111303012	2	20	22102011124	1	30	
22112011303	21111130303	2	20	22102011304	1	3	
221120112121	211111302121	2	20	22102011214	1	21	
221120112112	211111302112	2	20	22102011124	1	21	
22112011213	21111130213	2	20	22102011214	1	3	
221120111212	211111301212	2	20	22102011124	1	12	
22112011123	21111130123	2	20	22102011124	1	3	
2211201133	2111113033	2	20	2210201134	1	3	
22112023030	21112303030	2	20	21112030303	2	2	
22112023021	21112303021	2	20	21112030213	2	2	
22112023012	21112303012	2	20	21112030123	2	2	
2211202303	2111230303	2	20	2111203033	2	2	
22112022121	21112302121	2	20	21112021213	2	2	
22112022112	21112302112	2	20	21112021123	2	2	
2211202213	2111230213	2	20	2111202133	2	2	
22112021212	21112301212	2	20	21112012123	2	2	
2211202123	2111230123	2	20	2111201233	2	2	
221120233	211123033	2	20	211120333	2	2	
221111113030	211111303021	2	11	22101111304	1	30	
221111113021	211111302121	2	11	22101111214	1	30	
221111113012	211111302112	2	11	22101111124	1	30	
22111111303	21111130213	2	11	22101111304	1	3	
221111112121	211111212121	2	11	22101111214	1	21	
221111112112	211111212112	2	11	22101111124	1	21	
22111111213	21111121213	2	11	22101111214	1	3	
221111111212	211111211212	2	11	22101111124	1	12	
22111111123	21111121123	2	11	22101111124	1	3	
2211111133	2111112133	2	11	2210111134	1	3	
22111123030	21112303021	2	11	21111130303	2	2	
22111123021	21112302121	2	11	21111130213	2	2	
22111123012	21112302112	2	11	21111130123	2	2	
2211112303	2111230213	2	11	2111113033	2	2	
22111122121	21112212121	2	11	21111121213	2	2	
22111122112	21112212112	2	11	21111121123	2	2	
2211112213	2111221213	2	11	2111112133	2	2	
22111121212	21112211212	2	11	21111112123	2	2	
2211112123	2111221123	2	11	2111111233	2	2	
221111233	211122133	2	11	211111333	2	2	
2211223030	221022304	1	30	2111230303	2	2	
2211223021	221022214	1	30	2111230213	2	2	
2211223012	221022124	1	30	2111230123	2	2	
221122303	22102234	1	30	211123033	2	2	
2211222121	221022214	1	21	2111221213	2	2	
2211222112	221022124	1	21	2111221123	2	2	
221122213	22102234	1	21	211122133	2	2	
2211221212	221022124	1	12	2111212123	2	2	
221122123	22102234	1	12	211121233	2	2	
22112233	22102234	1	3	21112333	2	2	
430001044	420002044	3	10	330010144	4	0	
43000144	330010144	4	0	42000244	3	1	
4210020304	4110030304	2	20	3210120304	4	0	
4210020214	4110030214	2	20	3210120214	4	0	
4210020124	4110030124	2	20	3210120124	4	0	
421002034	411003034	2	20	321012034	4	0	
4210011304	4110030214	2	11	3210111304	4	0	
4210011214	4110021214	2	11	3210111214	4	0	
4210011124	4110021124	2	11	3210111124	4	0	
421001134	411002134	2	11	321011134	4	0	
421002304	42000244	1	30	411003034	2	2	
421002214	42000244	1	21	411002134	2	2	
421002124	42000244	1	12	411001234	2	2	
42100234	321010234	4	0	41100334	2	2	
41110303030	4110030304	1	30	31111303030	4	0	
41110303021	4110030214	1	30	31111303021	4	0	
41110303012	4110030124	1	30	31111303012	4	0	
4111030303	411003034	1	30	3111130303	4	0	
41110302121	4110021214	1	30	31111302121	4	0	
41110302112	4110021124	1	30	31111302112	4	0	
4111030213	411002134	1	30	3111130213	4	0	
41110301212	4110012124	1	30	31111301212	4	0	
4111030123	411001234	1	30	3111130123	4	0	
411103033	41100334	1	30	311113033	4	0	
41110212121	4110021214	1	21	31111212121	4	0	
41110212112	4110021124	1	21	31111212112	4	0	
4111021213	411002134	1	21	3111121213	4	0	
41110211212	4110012124	1	21	31111211212	4	0	
4111021123	411002134	1	12	3111121123	4	0	
411102133	41100334	1	21	311112133	4	0	
41110121212	4110012124	1	12	31111121212	4	0	
4111012123	411001234	1	12	3111112123	4	0	
411101233	41100334	1	12	311111233	4	0	
41110333	311110333	4	0	31111333	4	0	
33101010304	32101020304	3	10	3300101044	1	30	
33101010214	32101020214	3	10	3300101044	1	21	
33101010124	32101020124	3	10	3300101044	1	12	
3310101034	3210102034	3	10	3300101044	1	3	
3310101304	3210120304	3	10	3210102304	3	1	
3310101214	3210120214	3	10	3210102214	3	1	
3310101124	3210120124	3	10	3210102124	3	1	
331010134	321012034	3	10	321010234	3	1	
331011304	33001144	1	30	321012304	3	1	
331011214	33001144	1	21	321012214	3	1	
331011124	33001144	1	12	321012124	3	1	
33101134	321011134	3	1	32101234	3	1	
32201020204	32101020304	2	20	32101020214	2	20	
32201020114	32101011304	2	20	32101020124	2	11	
3220102024	3210102304	2	20	3210102034	2	2	
32201011114	22202011114	3	10	32101011124	2	11	
3220101124	2220201124	3	10	3210101134	2	2	
322010224	222020224	3	10	321010234	2	2	
3220120204	3210120304	2	20	2220202024	3	1	
3220120114	3210111304	2	20	2220201124	3	1	
322012024	321012304	2	20	222020224	3	1	
3220111114	3210111214	2	11	2220111124	3	1	
322011124	321012214	2	11	222011224	3	1	
32201224	222011224	3	1	32101234	2	2	
321110203030	311110303030	2	20	32101020304	1	30	
321110203021	311110303021	2	20	32101020214	1	30	
321110203012	311110303012	2	20	32101020124	1	30	
32111020303	31111030303	2	20	32101020304	1	3	
321110202121	311110302121	2	20	32101020214	1	21	
321110202112	311110302112	2	20	32101020124	1	21	
32111020213	31111030213	2	20	32101020214	1	3	
321110201212	311110301212	2	20	32101020124	1	12	
32111020123	31111030123	2	20	32101020124	1	3	
3211102033	3111103033	2	20	3210102034	1	3	
321110113030	221120113030	3	10	32101011304	1	30	
321110113021	221120113021	3	10	32101011214	1	30	
321110113012	221120113012	3	10	32101011124	1	30	
32111011303	22112011303	3	10	32101011304	1	3	
321110112121	221120112121	3	10	32101011214	1	21	
321110112112	221120112112	3	10	32101011124	1	21	
32111011213	22112011213	3	10	32101011214	1	3	
321110111212	221120111212	3	10	32101011124	1	12	
32111011123	22112011123	3	10	32101011124	1	3	
3211101133	2211201133	3	10	3210101134	1	3	
32111023030	22112023030	3	10	31111030303	2	2	
32111023021	22112023021	3	10	31111030213	2	2	
32111023012	22112023012	3	10	31111030123	2	2	
3211102303	2211202303	3	10	3111103033	2	2	
32111022121	22112022121	3	10	31111021213	2	2	
32111022112	22112022112	3	10	31111021123	2	2	
3211102213	2211202213	3	10	3111102133	2	2	
32111021212	22112021212	3	10	31111012123	2	2	
3211102123	2211202123	3	10	3111101233	2	2	
321110233	221120233	3	10	311110333	2	2	
32111203030	31111303030	2	20	22112023030	3	1	
32111203021	31111303021	2	20	22112023021	3	1	
32111203012	31111303012	2	20	22112023012	3	1	
3211120303	3111130303	2	20	2211202303	3	1	
32111202121	31111302121	2	20	22112022121	3	1	
32111202112	31111302112	2	20	22112022112	3	1	
3211120213	3111130213	2	20	2211202213	3	1	
32111201212	31111301212	2	20	22112021212	3	1	
3211120123	3111130123	2	20	2211202123	3	1	
321112033	311113033	2	20	221120233	3	1	
32111113030	31111303021	2	11	22111123030	3	1	
32111113021	31111302121	2	11	22111123021	3	1	
32111113012	31111302112	2	11	22111123012	3	1	
3211111303	3111130213	2	11	2211112303	3	1	
32111112121	31111212121	2	11	22111122121	3	1	
32111112112	31111212112	2	11	22111122112	3	1	
3211111213	3111121213	2	11	2211112213	3	1	
32111111212	31111211212	2	11	22111121212	3	1	
3211111123	3111121123	2	11	2211112123	3	1	
321111133	311112133	2	11	221111233	3	1	
3211123030	321012304	1	30	2211223030	3	1	
3211123021	321012214	1	30	2211223021	3	1	
3211123012	321012124	1	30	2211223012	3	1	
321112303	32101234	1	30	221122303	3	1	
3211122121	321012214	1	21	2211222121	3	1	
3211122112	321012124	1	21	2211222112	3	1	
321112213	32101234	1	21	221122213	3	1	
3211121212	321012124	1	12	2211221212	3	1	
321112123	32101234	1	12	221122123	3	1	
32111233	32101234	1	3	22112233	3	1	
222120202030	221120203030	2	20	22202020204	1	30	
222120202021	221120203021	2	20	22202020204	1	21	
222120202012	221120203012	2	20	22202020204	1	12	
22212020203	22112020303	2	20	22202020204	1	3	
222120201130	221120113030	2	20	22202020114	1	30	
222120201121	221120113021	2	20	22202020114	1	21	
222120201112	221120113012	2	20	22202020114	1	12	
22212020113	22112011303	2	20	22202020114	1	3	
22212020230	22112023030	2	20	22112020303	2	2	
22212020221	22112023021	2	20	22112020213	2	2	
22212020212	22112023012	2	20	22112020123	2	2	
2221202023	2211202303	2	20	2211202033	2	2	
222120111130	221111113030	2	20	22202011114	1	30	
222120111121	221111113021	2	20	22202011114	1	21	
222120111112	221111113012	2	20	22202011114	1	12	
22212011113	22111111303	2	20	22202011114	1	3	
22212011230	22111123030	2	20	22112011303	2	2	
22212011221	22111123021	2	20	22112011213	2	2	
22212011212	22111123012	2	20	22112011123	2	2	
2221201123	2211112303	2	20	2211201133	2	2	
2221202230	2211223030	2	20	2211202303	2	2	
2221202221	2211223021	2	20	2211202213	2	2	
2221202212	2211223012	2	20	2211202123	2	2	
222120223	221122303	2	20	221120233	2	2	
222111111130	221111113021	2	11	22201111114	1	30	
222111111121	221111112121	2	11	22201111114	1	21	
222111111112	221111112112	2	11	22201111114	1	12	
22211111113	22111111213	2	11	22201111114	1	3	
22211111230	22111123021	2	11	22111111303	2	2	
22211111221	22111122121	2	11	22111111213	2	2	
22211111212	22111122112	2	11	22111111123	2	2	
2221111123	2211112213	2	11	2211111133	2	2	
2221112230	2211223021	2	11	2211112303	2	2	
2221112221	2211222121	2	11	2211112213	2	2	
2221112212	2211222112	2	11	2211112123	2	2	
222111223	221122213	2	11	221111233	2	2	
222122230	22202224	1	30	221122303	2	2	
222122221	22202224	1	21	221122213	2	2	
222122212	22202224	1	12	221122123	2	2	
22212223	22202224	1	3	22112233	2	2	
44000044	430001044	4	0	43000144	4	0	
4310010304	4210020304	3	10	3310101304	4	0	
4310010214	4210020214	3	10	3310101214	4	0	
4310010124	4210020124	3	10	3310101124	4	0	
431001034	421002034	3	10	331010134	4	0	
431001304	43000144	1	30	421002304	3	1	
431001214	43000144	1	21	421002214	3	1	
431001124	43000144	1	12	421002124	3	1	
43100134	331010134	4	0	42100234	3	1	
4220020204	4210020304	2	20	3220120204	4	0	
4220020114	4210011304	2	20	3220120114	4	0	
422002024	421002304	2	20	421002034	2	2	
4220011114	4210011214	2	11	3220111114	4	0	
422001124	421002214	2	11	421001134	2	2	
42200224	322010224	4	0	42100234	2	2	
42110203030	41110303030	2	20	32111203030	4	0	
42110203021	41110303021	2	20	32111203021	4	0	
42110203012	41110303012	2	20	32111203012	4	0	
4211020303	4111030303	2	20	3211120303	4	0	
42110202121	41110302121	2	20	32111202121	4	0	
42110202112	41110302112	2	20	32111202112	4	0	
4211020213	4111030213	2	20	3211120213	4	0	
42110201212	41110301212	2	20	32111201212	4	0	
4211020123	4111030123	2	20	3211120123	4	0	
421102033	411103033	2	20	321112033	4	0	
42110113030	41110303021	2	11	32111113030	4	0	
42110113021	41110302121	2	11	32111113021	4	0	
42110113012	41110302112	2	11	32111113012	4	0	
4211011303	4111030213	2	11	3211111303	4	0	
42110112121	41110212121	2	11	32111112121	4	0	
42110112112	41110212112	2	11	32111112112	4	0	
4211011213	4111021213	2	11	3211111213	4	0	
42110111212	41110211212	2	11	32111111212	4	0	
4211011123	4111021123	2	11	3211111123	4	0	
421101133	411102133	2	11	321111133	4	0	
4211023030	421002304	1	30	4111030303	2	2	
4211023021	421002214	1	30	4111030213	2	2	
4211023012	421002124	1	30	4111030123	2	2	
421102303	42100234	1	30	411103033	2	2	
4211022121	421002214	1	21	4111021213	2	2	
4211022112	421002124	1	21	4111021123	2	2	
421102213	42100234	1	21	411102133	2	2	
4211021212	421002124	1	12	4111012123	2	2	
421102123	42100234	1	12	411101233	2	2	
42110233	321110233	4	0	41110333	2	2	
33201010204	32201020204	3	10	33101010214	2	20	
33201010114	32201020114	3	10	33101010124	2	11	
3320101024	3220102024	3	10	3310101034	2	2	
3320101204	3310101304	2	20	3220102024	3	1	
3320101114	3220120114	3	10	3220101124	3	1	
332010124	322012024	3	10	322010224	3	1	
332011204	331011304	2	20	322012024	3	1	
332011114	331011214	2	11	322011124	3	1	
33201124	322011124	3	1	32201224	3	1	
331110103030	321110203030	3	10	33101010304	1	30	
331110103021	321110203021	3	10	33101010214	1	30	
331110103012	321110203012	3	10	33101010124	1	30	
33111010303	32111020303	3	10	33101010304	1	3	
331110102121	321110202121	3	10	33101010214	1	21	
331110102112	321110202112	3	10	33101010124	1	21	
33111010213	32111020213	3	10	33101010214	1	3	
331110101212	321110201212	3	10	33101010124	1	12	
33111010123	32111020123	3	10	33101010124	1	3	
3311101033	3211102033	3	10	3310101034	1	3	
33111013030	32111203030	3	10	32111023030	3	1	
33111013021	32111203021	3	10	32111023021	3	1	
33111013012	32111203012	3	10	32111023012	3	1	
3311101303	3211120303	3	10	3211102303	3	1	
33111012121	32111202121	3	10	32111022121	3	1	
33111012112	32111202112	3	10	32111022112	3	1	
3311101213	3211120213	3	10	3211102213	3	1	
33111011212	32111201212	3	10	32111021212	3	1	
3311101123	3211120123	3	10	3211102123	3	1	
331110133	321112033	3	10	321110233	3	1	
3311113030	331011304	1	30	3211123030	3	1	
3311113021	331011214	1	30	3211123021	3	1	
3311113012	331011124	1	30	3211123012	3	1	
331111303	33101134	1	30	321112303	3	1	
3311112121	331011214	1	21	3211122121	3	1	
3311112112	331011124	1	21	3211122112	3	1	
331111213	33101134	1	21	321112213	3	1	
3311111212	331011124	1	12	3211121212	3	1	
331111123	33101134	1	12	321112123	3	1	
33111133	33101134	1	3	32111233	3	1	
322110202030	321110203030	2	20	32201020204	1	30	
322110202021	321110203021	2	20	32201020204	1	21	
322110202012	321110203012	2	20	32201020204	1	12	
32211020203	32111020303	2	20	32201020204	1	3	
322110201130	321110113030	2	20	32201020114	1	30	
322110201121	321110113021	2	20	32201020114	1	21	
322110201112	321110113012	2	20	32201020114	1	12	
32211020113	32111011303	2	20	32201020114	1	3	
32211020230	32111023030	2	20	32111020303	2	2	
32211020221	32111023021	2	20	32111020213	2	2	
32211020212	32111023012	2	20	32111020123	2	2	
3221102023	3211102303	2	20	3211102033	2	2	
322110111130	222120111130	3	10	32201011114	1	30	
322110111121	222120111121	3	10	32201011114	1	21	
322110111112	222120111112	3	10	32201011114	1	12	
32211011113	22212011113	3	10	32201011114	1	3	
32211011230	22212011230	3	10	32111011303	2	2	
32211011221	22212011221	3	10	32111011213	2	2	
32211011212	22212011212	3	10	32111011123	2	2	
3221101123	2221201123	3	10	3211101133	2	2	
3221102230	2221202230	3	10	3211102303	2	2	
3221102221	2221202221	3	10	3211102213	2	2	
3221102212	2221202212	3	10	3211102123	2	2	
322110223	222120223	3	10	321110233	2	2	
32211202030	32111203030	2	20	22212020230	3	1	
32211202021	32111203021	2	20	22212020221	3	1	
32211202012	32111203012	2	20	22212020212	3	1	
3221120203	3211120303	2	20	2221202023	3	1	
32211201130	32111113030	2	20	22212011230	3	1	
32211201121	32111113021	2	20	22212011221	3	1	
32211201112	32111113012	2	20	22212011212	3	1	
3221120113	3211111303	2	20	2221201123	3	1	
3221120230	3211123030	2	20	2221202230	3	1	
3221120221	3211123021	2	20	2221202221	3	1	
3221120212	3211123012	2	20	2221202212	3	1	
322112023	321112303	2	20	222120223	3	1	
32211111130	32111113021	2	11	22211111230	3	1	
32211111121	32111112121	2	11	22211111221	3	1	
32211111112	32111112112	2	11	22211111212	3	1	
3221111113	3211111213	2	11	2221111123	3	1	
3221111230	3211123021	2	11	2221112230	3	1	
3221111221	3211122121	2	11	2221112221	3	1	
3221111212	3211122112	2	11	2221112212	3	1	
322111123	321112213	2	11	222111223	3	1	
322112230	32201224	1	30	321112303	2	2	
322112221	32201224	1	21	321112213	2	2	
322112212	32201224	1	12	321112123	2	2	
32211223	32201224	1	3	32111233	2	2	
222220202020	222120202030	2	20	222120202021	2	20	
222220202011	222120201130	2	20	222120202012	2	11	
22222020202	22212020230	2	20	22212020203	2	2	
222220201111	222120111130	2	20	222120201112	2	11	
22222020112	22212011230	2	20	22212020113	2	2	
2222202022	2221202230	2	20	2221202023	2	2	
222220111111	222111111130	2	20	222120111112	2	11	
22222011112	22211111230	2	20	22212011113	2	2	
2222201122	2221112230	2	20	2221201123	2	2	
222220222	222122230	2	20	222120223	2	2	
222211111111	222111111121	2	11	222111111112	2	11	
22221111112	22211111221	2	11	22211111113	2	2	
2222111122	2221112221	2	11	2221111123	2	2	
222211222	222122221	2	11	222111223	2	2	
22222222	222122212	2	2	22212223	2	2	
441000304	4310010304	4	0	431001304	4	0	
441000214	4310010214	4	0	431001214	4	0	
441000124	4310010124	4	0	431001124	4	0	
44100034	431001034	4	0	43100134	4	0	
4320010204	4310010304	2	20	3320101204	4	0	
4320010114	4220020114	3	10	3320101114	4	0	
432001024	422002024	3	10	431001034	2	2	
432001204	431001304	2	20	422002024	3	1	
432001114	431001214	2	11	422001124	3	1	
43200124	332010124	4	0	42200224	3	1	
43110103030	42110203030	3	10	33111013030	4	0	
43110103021	42110203021	3	10	33111013021	4	0	
43110103012	42110203012	3	10	33111013012	4	0	
4311010303	4211020303	3	10	3311101303	4	0	
43110102121	42110202121	3	10	33111012121	4	0	
43110102112	42110202112	3	10	33111012112	4	0	
4311010213	4211020213	3	10	3311101213	4	0	
43110101212	42110201212	3	10	33111011212	4	0	
4311010123	4211020123	3	10	3311101123	4	0	
431101033	421102033	3	10	331110133	4	0	
4311013030	431001304	1	30	4211023030	3	1	
4311013021	431001214	1	30	4211023021	3	1	
4311013012	431001124	1	30	4211023012	3	1	
431101303	43100134	1	30	421102303	3	1	
4311012121	431001214	1	21	4211022121	3	1	
4311012112	431001124	1	21	4211022112	3	1	
431101213	43100134	1	21	421102213	3	1	
4311011212	431001124	1	12	4211021212	3	1	
431101123	43100134	1	12	421102123	3	1	
43110133	331110133	4	0	42110233	3	1	
42210202030	42110203030	2	20	32211202030	4	0	
42210202021	42110203021	2	20	32211202021	4	0	
42210202012	42110203012	2	20	32211202012	4	0	
4221020203	4211020303	2	20	3221120203	4	0	
42210201130	42110113030	2	20	32211201130	4	0	
42210201121	42110113021	2	20	32211201121	4	0	
42210201112	42110113012	2	20	32211201112	4	0	
4221020113	4211011303	2	20	3221120113	4	0	
4221020230	4211023030	2	20	4211020303	2	2	
4221020221	4211023021	2	20	4211020213	2	2	
4221020212	4211023012	2	20	4211020123	2	2	
422102023	421102303	2	20	421102033	2	2	
42210111130	42110113021	2	11	32211111130	4	0	
42210111121	42110112121	2	11	32211111121	4	0	
42210111112	42110112112	2	11	32211111112	4	0	
4221011113	4211011213	2	11	3221111113	4	0	
4221011230	4211023021	2	11	4211011303	2	2	
4221011221	4211022121	2	11	4211011213	2	2	
4221011212	4211022112	2	11	4211011123	2	2	
422101123	421102213	2	11	421101133	2	2	
422102230	42200224	1	30	421102303	2	2	
422102221	42200224	1	21	421102213	2	2	
422102212	42200224	1	12	421102123	2	2	
42210223	322110223	4	0	42110233	2	2	
33301010104	33201010204	3	10	33201010114	3	10	
3330101014	3320101204	3	10	3320101024	3	1	
333010114	332011204	3	10	332010124	3	1	
33301114	332011114	3	1	33201124	3	1	
332110102030	322110202030	3	10	33201010204	1	30	
332110102021	322110202021	3	10	33201010204	1	21	
332110102012	322110202012	3	10	33201010204	1	12	
33211010203	32211020203	3	10	33201010204	1	3	
332110101130	322110201130	3	10	33201010114	1	30	
332110101121	322110201121	3	10	33201010114	1	21	
332110101112	322110201112	3	10	33201010114	1	12	
33211010113	32211020113	3	10	33201010114	1	3	
33211010230	32211020230	3	10	33111010303	2	2	
33211010221	32211020221	3	10	33111010213	2	2	
33211010212	32211020212	3	10	33111010123	2	2	
3321101023	3221102023	3	10	3311101033	2	2	
33211012030	33111013030	2	20	32211020230	3	1	
33211012021	33111013021	2	20	32211020221	3	1	
33211012012	33111013012	2	20	32211020212	3	1	
3321101203	3311101303	2	20	3221102023	3	1	
33211011130	32211201130	3	10	32211011230	3	1	
33211011121	32211201121	3	10	32211011221	3	1	
33211011112	32211201112	3	10	32211011212	3	1	
3321101113	3221120113	3	10	3221101123	3	1	
3321101230	3221120230	3	10	3221102230	3	1	
3321101221	3221120221	3	10	3221102221	3	1	
3321101212	3221120212	3	10	3221102212	3	1	
332110123	322112023	3	10	322110223	3	1	
3321112030	3311113030	2	20	3221120230	3	1	
3321112021	3311113021	2	20	3221120221	3	1	
3321112012	3311113012	2	20	3221120212	3	1	
332111203	331111303	2	20	322112023	3	1	
3321111130	3311113021	2	11	3221111230	3	1	
3321111121	3311112121	2	11	3221111221	3	1	
3321111112	3311112112	2	11	3221111212	3	1	
332111113	331111213	2	11	322111123	3	1	
332111230	33201124	1	30	322112230	3	1	
332111221	33201124	1	21	322112221	3	1	
332111212	33201124	1	12	322112212	3	1	
33211123	33201124	1	3	32211223	3	1	
322210202020	322110202030	2	20	322110202021	2	20	
322210202011	322110201130	2	20	322110202012	2	11	
32221020202	32211020230	2	20	32211020203	2	2	
322210201111	322110111130	2	20	322110201112	2	11	
32221020112	32211011230	2	20	32211020113	2	2	
3222102022	3221102230	2	20	3221102023	2	2	
322210111111	322110111121	2	11	322110111112	2	11	
32221011112	22222011112	3	10	32211011113	2	2	
3222101122	2222201122	3	10	3221101123	2	2	
322210222	222220222	3	10	322110223	2	2	
32221202020	32211202030	2	20	22222020202	3	1	
32221202011	32211201130	2	20	22222020112	3	1	
3222120202	3221120230	2	20	2222202022	3	1	
32221201111	32211111130	2	20	22222011112	3	1	
3222120112	3221111230	2	20	2222201122	3	1	
322212022	322112230	2	20	322112023	2	2	
32221111111	32211111121	2	11	22221111112	3	1	
3222111112	3221111221	2	11	2222111122	3	1	
322211122	322112221	2	11	322111123	2	2	
32221222	222211222	3	1	32211223	2	2	
442000204	441000304	2	20	432001204	4	0	
442000114	441000214	2	11	432001114	4	0	
44200024	432001024	4	0	44100034	2	2	
4411003030	441000304	1	30	4311013030	4	0	
4411003021	441000214	1	30	4311013021	4	0	
4411003012	441000124	1	30	4311013012	4	0	
441100303	4311010303	4	0	431101303	4	0	
4411002121	441000214	1	21	4311012121	4	0	
4411002112	441000124	1	21	4311012112	4	0	
441100213	4311010213	4	0	431101213	4	0	
4411001212	441000124	1	12	4311011212	4	0	
441100123	4311010123	4	0	431101123	4	0	
44110033	431101033	4	0	43110133	4	0	
4330010104	4320010204	3	10	3330101014	4	0	
433001014	432001204	3	10	432001024	3	1	
43300114	333010114	4	0	43200124	3	1	
43210102030	43110103030	2	20	33211012030	4	0	
43210102021	43110103021	2	20	33211012021	4	0	
43210102012	43110103012	2	20	33211012012	4	0	
4321010203	4311010303	2	20	3321101203	4	0	
43210101130	42210201130	3	10	33211011130	4	0	
43210101121	42210201121	3	10	33211011121	4	0	
43210101112	42210201112	3	10	33211011112	4	0	
4321010113	4221020113	3	10	3321101113	4	0	
4321010230	4221020230	3	10	4311010303	2	2	
4321010221	4221020221	3	10	4311010213	2	2	
4321010212	4221020212	3	10	4311010123	2	2	
432101023	422102023	3	10	431101033	2	2	
4321012030	4311013030	2	20	4221020230	3	1	
4321012021	4311013021	2	20	4221020221	3	1	
4321012012	4311013012	2	20	4221020212	3	1	
432101203	431101303	2	20	422102023	3	1	
4321011130	4311013021	2	11	4221011230	3	1	
4321011121	4311012121	2	11	4221011221	3	1	
4321011112	4311012112	2	11	4221011212	3	1	
432101113	431101213	2	11	422101123	3	1	
432101230	3321101230	4	0	422102230	3	1	
432101221	3321101221	4	0	422102221	3	1	
432101212	3321101212	4	0	422102212	3	1	
43210123	332110123	4	0	42210223	3	1	
42220202020	42210202030	2	20	32221202020	4	0	
42220202011	42210201130	2	20	32221202011	4	0	
4222020202	4221020230	2	20	4221020203	2	2	
42220201111	42210111130	2	20	32221201111	4	0	
4222020112	4221011230	2	20	4221020113	2	2	
422202022	422102230	2	20	422102023	2	2	
42220111111	42210111121	2	11	32221111111	4	0	
4222011112	4221011221	2	11	4221011113	2	2	
422201122	422102221	2	11	422101123	2	2	
42220222	322210222	4	0	42210223	2	2	
333110101030	332110102030	3	10	33301010104	1	30	
333110101021	332110102021	3	10	33301010104	1	21	
333110101012	332110102012	3	10	33301010104	1	12	
33311010103	33211010203	3	10	33301010104	1	3	
33311010130	33211012030	3	10	33211010230	3	1	
33311010121	33211012021	3	10	33211010221	3	1	
33311010112	33211012012	3	10	33211010212	3	1	
3331101013	3321101203	3	10	3321101023	3	1	
3331101130	3321112030	3	10	3321101230	3	1	
3331101121	3321112021	3	10	3321101221	3	1	
3331101112	3321112012	3	10	3321101212	3	1	
333110113	332111203	3	10	332110123	3	1	
333111130	33301114	1	30	332111230	3	1	
333111121	33301114	1	21	332111221	3	1	
333111112	33301114	1	12	332111212	3	1	
33311113	332111113	3	1	33211123	3	1	
332210102020	332110102030	2	20	332110102021	2	20	
332210102011	332110101130	2	20	332110102012	2	11	
33221010202	32221020202	3	10	33211010203	2	2	
332210101111	322210201111	3	10	332110101112	2	11	
33221010112	32221020112	3	10	33211010113	2	2	
3322101022	3222102022	3	10	3321101023	2	2	
33221012020	33211012030	2	20	32221020202	3	1	
33221012011	33211011130	2	20	32221020112	3	1	
3322101202	3321101230	2	20	3222102022	3	1	
33221011111	32221201111	3	10	32221011112	3	1	
3322101112	3222120112	3	10	3222101122	3	1	
332210122	322212022	3	10	332110123	2	2	
3322112020	3321112030	2	20	3222120202	3	1	
3322112011	3321111130	2	20	3222120112	3	1	
332211202	332111230	2	20	322212022	3	1	
3322111111	3321111121	2	11	3222111112	3	1	
332211112	332111221	2	11	322211122	3	1	
33221122	322211122	3	1	33211123	2	2	
443000104	442000204	3	10	433001014	4	0	
44300014	433001014	4	0	44200024	3	1	
4421002030	4411003030	2	20	4321012030	4	0	
4421002021	4411003021	2	20	4321012021	4	0	
4421002012	4411003012	2	20	4321012012	4	0	
442100203	441100303	2	20	432101203	4	0	
4421001130	4411003021	2	11	4321011130	4	0	
4421001121	4411002121	2	11	4321011121	4	0	
4421001112	4411002112	2	11	4321011112	4	0	
442100113	441100213	2	11	432101113	4	0	
442100230	4321010230	4	0	441100303	2	2	
442100221	4321010221	4	0	441100213	2	2	
442100212	4321010212	4	0	441100123	2	2	
44210023	432101023	4	0	44110033	2	2	
43310101030	43210102030	3	10	33311010130	4	0	
43310101021	43210102021	3	10	33311010121	4	0	
43310101012	43210102012	3	10	33311010112	4	0	
4331010103	4321010203	3	10	3331101013	4	0	
4331010130	4321012030	3	10	4321010230	3	1	
4331010121	4321012021	3	10	4321010221	3	1	
4331010112	4321012012	3	10	4321010212	3	1	
433101013	432101203	3	10	432101023	3	1	
433101130	3331101130	4	0	432101230	3	1	
433101121	3331101121	4	0	432101221	3	1	
433101112	3331101112	4	0	432101212	3	1	
43310113	333110113	4	0	43210123	3	1	
43220102020	43210102030	2	20	33221012020	4	0	
43220102011	43210101130	2	20	33221012011	4	0	
4322010202	4321010230	2	20	4321010203	2	2	
43220101111	42220201111	3	10	33221011111	4	0	
4322010112	4222020112	3	10	4321010113	2	2	
432201022	422202022	3	10	432101023	2	2	
4322012020	4321012030	2	20	4222020202	3	1	
4322012011	4321011130	2	20	4222020112	3	1	
432201202	432101230	2	20	422202022	3	1	
4322011111	4321011121	2	11	4222011112	3	1	
432201112	432101221	2	11	422201122	3	1	
43220122	332210122	4	0	43210123	2	2	
333210101020	332210102020	3	10	333110101021	2	20	
333210101011	332210102011	3	10	333110101012	2	11	
33321010102	33221010202	3	10	33311010103	2	2	
33321010120	33221012020	3	10	33221010202	3	1	
33321010111	33221012011	3	10	33221010112	3	1	
3332101012	3322101202	3	10	3322101022	3	1	
3332101120	3331101130	2	20	3322101202	3	1	
3332101111	3322112011	3	10	3322101112	3	1	
333210112	332211202	3	10	332210122	3	1	
333211120	333111130	2	20	332211202	3	1	
333211111	333111121	2	11	332211112	3	1	
33321112	332211112	3	1	33221122	3	1	
44400004	443000104	4	0	44300014	4	0	
4431001030	4421002030	3	10	4331010130	4	0	
4431001021	4421002021	3	10	4331010121	4	0	
4431001012	4421002012	3	10	4331010112	4	0	
443100103	442100203	3	10	433101013	4	0	
443100130	4331010130	4	0	442100230	3	1	
443100121	4331010121	4	0	442100221	3	1	
443100112	4331010112	4	0	442100212	3	1	
44310013	433101013	4	0	44210023	3	1	
4422002020	4421002030	2	20	4322012020	4	0	
4422002011	4421001130	2	20	4322012011	4	0	
442200202	442100230	2	20	442100203	2	2	
4422001111	4421001121	2	11	4322011111	4	0	
442200112	442100221	2	11	442100113	2	2	
44220022	432201022	4	0	44210023	2	2	
43320101020	43220102020	3	10	33321010120	4	0	
43320101011	43220102011	3	10	33321010111	4	0	
4332010102	4322010202	3	10	4331010103	2	2	
4332010120	4331010130	2	20	4322010202	3	1	
4332010111	4322012011	3	10	4322010112	3	1	
433201012	432201202	3	10	432201022	3	1	
433201120	433101130	2	20	432201202	3	1	
433201111	433101121	2	11	432201112	3	1	
43320112	333210112	4	0	43220122	3	1	
333310101010	333210101020	3	10	333210101011	3	10	
33331010101	33321010120	3	10	33321010102	3	1	
3333101011	3332101120	3	10	3332101012	3	1	
333310111	333211120	3	10	333210112	3	1	
33331111	333211111	3	1	33321112	3	1	
444100030	4431001030	4	0	443100130	4	0	
444100021	4431001021	4	0	443100121	4	0	
444100012	4431001012	4	0	443100112	4	0	
44410003	443100103	4	0	44310013	4	0	
4432001020	4431001030	2	20	4332010120	4	0	
4432001011	4422002011	3	10	4332010111	4	0	
443200102	442200202	3	10	443100103	2	2	
443200120	443100130	2	20	442200202	3	1	
443200111	443100121	2	11	442200112	3	1	
44320012	433201012	4	0	44220022	3	1	
43330101010	43320101020	3	10	33331010101	4	0	
4333010101	4332010120	3	10	4332010102	3	1	
433301011	433201120	3	10	433201012	3	1	
43330111	333310111	4	0	43320112	3	1	
444200020	444100030	2	20	443200120	4	0	
444200011	444100021	2	11	443200111	4	0	
44420002	443200102	4	0	44410003	2	2	
4433001010	4432001020	3	10	4333010101	4	0	
443300101	443200120	3	10	443200102	3	1	
44330011	433301011	4	0	44320012	3	1	
444300010	444200020	3	10	443300101	4	0	
44430001	443300101	4	0	44420002	3	1	
44440000	444300010	4	0	44430001	4	0	
